cars 0.8293388485908508 297 243 376 303
cars 0.7892181277275085 413 134 460 178
cars 0.7764456868171692 122 122 159 143
cars 0.655500054359436 467 89 495 112
cars 0.6241031885147095 445 75 466 91
cars 0.6067036390304565 506 165 561 206
cars 0.5757843255996704 292 65 309 79
cars 0.5485392808914185 374 61 393 77
cars 0.5167480707168579 250 90 269 104
cars 0.47882598638534546 152 100 186 119
cars 0.43614301085472107 208 92 232 106
cars 0.42538613080978394 39 96 63 109
cars 0.41457319259643555 413 46 429 57
