cars 0.8105369806289673 31 191 94 226
cars 0.7831909656524658 429 103 461 125
cars 0.7775524258613586 21 152 71 176
cars 0.6996901035308838 107 133 152 156
cars 0.6987123489379883 220 102 250 119
cars 0.6839134693145752 153 134 200 159
cars 0.6338244676589966 482 76 506 96
cars 0.5542848706245422 205 81 228 95
cars 0.5379619598388672 0 197 29 224
cars 0.4871530830860138 409 52 426 65
cars 0.43695276975631714 152 106 180 120
cars 0.4185703694820404 294 63 310 74
cars 0.41196542978286743 46 95 68 105
