1,1182,127.54,149.11,61.74,185.32,1,-1,-1,-1
1,1181,11.30,148.80,79.17,197.67,1,-1,-1,-1
2,1182,129.20,154.66,61.81,179.66,1,-1,-1,-1
2,1181,18.34,156.60,74.80,191.62,1,-1,-1,-1
3,1183,252.73,206.10,31.03,51.17,1,-1,-1,-1
3,1182,124.68,145.88,77.29,184.43,1,-1,-1,-1
3,1181,20.33,158.08,74.86,182.83,1,-1,-1,-1
4,1182,127.07,151.92,77.06,186.84,1,-1,-1,-1
4,1181,22.46,154.71,75.04,190.18,1,-1,-1,-1
5,1182,139.41,159.39,71.75,189.83,1,-1,-1,-1
5,1181,29.21,158.29,74.59,196.24,1,-1,-1,-1
6,1182,152.83,154.90,66.90,189.78,1,-1,-1,-1
6,1181,34.31,155.75,71.32,195.40,1,-1,-1,-1
7,1182,154.21,153.54,68.67,187.56,1,-1,-1,-1
7,1181,39.29,152.55,71.88,199.38,1,-1,-1,-1
8,1184,237.20,203.42,22.42,60.03,1,-1,-1,-1
8,1182,162.00,156.72,66.97,188.86,1,-1,-1,-1
8,1181,41.55,149.04,74.89,204.49,1,-1,-1,-1
9,1186,291.68,200.19,25.31,61.22,1,-1,-1,-1
9,1183,385.05,196.91,34.50,54.90,1,-1,-1,-1
9,1182,163.00,152.30,70.88,196.06,1,-1,-1,-1
9,1181,43.25,144.92,75.04,202.47,1,-1,-1,-1
10,1186,298.52,202.62,25.44,60.93,1,-1,-1,-1
10,1182,170.92,151.10,72.53,199.35,1,-1,-1,-1
10,1181,53.46,153.14,73.29,203.70,1,-1,-1,-1
11,1186,303.93,202.04,24.98,60.99,1,-1,-1,-1
11,1182,172.87,145.68,81.04,207.03,1,-1,-1,-1
11,1181,61.54,148.77,73.93,204.28,1,-1,-1,-1
12,1188,269.63,201.47,23.22,67.29,1,-1,-1,-1
12,1186,306.94,203.60,23.99,59.52,1,-1,-1,-1
12,1182,178.71,143.57,87.23,216.50,1,-1,-1,-1
12,1181,63.58,147.09,76.80,209.21,1,-1,-1,-1
13,1188,276.46,204.78,24.82,67.00,1,-1,-1,-1
13,1186,316.34,208.50,24.15,58.02,1,-1,-1,-1
13,1182,183.41,144.28,86.10,216.87,1,-1,-1,-1
13,1181,72.22,151.20,76.31,209.53,1,-1,-1,-1
14,1188,282.84,197.95,24.66,70.38,1,-1,-1,-1
14,1186,318.68,204.73,23.70,60.84,1,-1,-1,-1
14,1182,200.52,144.37,82.84,220.17,1,-1,-1,-1
14,1181,81.12,153.70,75.67,209.73,1,-1,-1,-1
15,1190,342.49,203.24,28.75,62.25,1,-1,-1,-1
15,1186,329.09,204.00,22.64,60.15,1,-1,-1,-1
15,1182,208.07,149.55,85.36,220.80,1,-1,-1,-1
15,1181,88.98,147.70,80.89,217.79,1,-1,-1,-1
16,1190,349.14,200.62,29.21,64.88,1,-1,-1,-1
16,1186,333.43,200.57,22.70,60.86,1,-1,-1,-1
16,1182,216.14,139.33,84.62,227.13,1,-1,-1,-1
16,1181,87.65,144.07,83.34,222.83,1,-1,-1,-1
17,1182,216.74,140.65,85.81,228.61,1,-1,-1,-1
17,1181,84.61,137.97,86.99,227.53,1,-1,-1,-1
18,1182,219.06,137.69,90.45,237.12,1,-1,-1,-1
18,1181,87.79,136.93,92.32,232.36,1,-1,-1,-1
19,1182,220.96,135.53,90.50,242.15,1,-1,-1,-1
19,1181,83.19,131.49,93.30,235.20,1,-1,-1,-1
20,1182,217.45,136.06,94.77,243.70,1,-1,-1,-1
20,1181,81.43,129.09,96.80,242.71,1,-1,-1,-1
21,1196,2.11,141.11,31.05,85.31,1,-1,-1,-1
21,1182,217.23,129.73,99.85,249.98,1,-1,-1,-1
21,1181,72.33,122.15,98.98,251.32,1,-1,-1,-1
22,1196,1.06,138.80,31.60,85.96,1,-1,-1,-1
22,1182,217.88,123.56,98.80,254.09,1,-1,-1,-1
22,1181,67.50,114.93,102.21,262.21,1,-1,-1,-1
23,1196,-0.87,148.94,32.91,98.01,1,-1,-1,-1
23,1182,220.37,120.38,104.97,264.34,1,-1,-1,-1
23,1181,66.81,116.41,105.91,268.90,1,-1,-1,-1
24,1182,220.27,116.11,109.43,268.76,1,-1,-1,-1
24,1181,62.80,118.85,108.09,267.74,1,-1,-1,-1
25,1199,-0.94,163.70,40.92,168.61,1,-1,-1,-1
25,1182,220.60,112.81,116.46,282.00,1,-1,-1,-1
25,1181,60.48,118.75,114.99,276.64,1,-1,-1,-1
26,1199,-1.58,153.03,43.41,188.59,1,-1,-1,-1
26,1182,218.90,118.08,120.52,286.96,1,-1,-1,-1
26,1181,57.77,117.78,116.09,282.56,1,-1,-1,-1
27,1199,-2.40,165.20,39.57,174.84,1,-1,-1,-1
27,1182,220.43,112.41,123.59,298.17,1,-1,-1,-1
27,1181,57.03,115.65,117.36,289.18,1,-1,-1,-1
28,1199,-1.23,159.30,40.65,180.07,1,-1,-1,-1
28,1182,228.02,115.04,125.16,300.94,1,-1,-1,-1
28,1181,54.21,114.31,125.08,294.24,1,-1,-1,-1
29,1199,-0.38,172.18,40.95,167.21,1,-1,-1,-1
29,1182,225.80,108.97,127.27,310.57,1,-1,-1,-1
29,1181,55.68,103.17,127.68,305.85,1,-1,-1,-1
30,1199,-0.21,171.82,41.26,163.71,1,-1,-1,-1
30,1182,224.57,106.97,130.87,317.29,1,-1,-1,-1
30,1181,50.68,101.57,134.20,313.66,1,-1,-1,-1
31,1199,-1.36,180.98,38.80,154.80,1,-1,-1,-1
31,1182,226.95,103.80,131.11,325.25,1,-1,-1,-1
31,1181,46.40,90.50,140.25,316.85,1,-1,-1,-1
32,1202,146.61,92.13,39.50,91.03,1,-1,-1,-1
32,1182,237.97,97.35,132.19,332.70,1,-1,-1,-1
32,1181,47.96,87.68,143.40,329.05,1,-1,-1,-1
33,1202,149.02,86.88,43.92,95.21,1,-1,-1,-1
33,1182,243.08,90.46,135.64,341.81,1,-1,-1,-1
33,1181,51.93,82.51,144.75,341.59,1,-1,-1,-1
34,1202,154.22,83.27,51.93,117.33,1,-1,-1,-1
34,1182,253.23,90.34,131.66,350.38,1,-1,-1,-1
34,1181,56.63,77.10,142.24,349.42,1,-1,-1,-1
35,1203,431.01,191.85,28.80,76.69,1,-1,-1,-1
35,1202,156.83,90.26,61.54,148.29,1,-1,-1,-1
35,1182,265.09,83.96,133.35,360.15,1,-1,-1,-1
35,1181,64.65,80.08,146.87,358.83,1,-1,-1,-1
36,1206,388.62,165.67,27.86,99.65,1,-1,-1,-1
36,1204,3.13,121.54,43.72,141.40,1,-1,-1,-1
36,1203,434.01,190.53,26.04,74.83,1,-1,-1,-1
36,1182,274.73,81.93,138.54,367.46,1,-1,-1,-1
36,1181,73.87,75.87,146.26,365.59,1,-1,-1,-1
37,1206,392.33,160.46,31.94,113.15,1,-1,-1,-1
37,1204,6.03,124.94,47.44,159.20,1,-1,-1,-1
37,1182,282.76,77.23,142.07,376.62,1,-1,-1,-1
37,1181,77.95,67.44,148.34,378.30,1,-1,-1,-1
38,1208,427.20,176.37,29.76,94.93,1,-1,-1,-1
38,1206,395.47,153.25,36.74,124.62,1,-1,-1,-1
38,1204,6.31,118.36,48.66,156.30,1,-1,-1,-1
38,1182,289.34,71.03,145.03,390.66,1,-1,-1,-1
38,1181,75.52,57.83,151.03,389.71,1,-1,-1,-1
39,1210,184.21,75.81,51.84,123.07,1,-1,-1,-1
39,1209,458.10,190.22,28.38,78.08,1,-1,-1,-1
39,1208,423.87,171.55,36.67,103.02,1,-1,-1,-1
39,1206,398.47,154.98,37.66,131.62,1,-1,-1,-1
39,1204,4.80,115.39,49.98,152.79,1,-1,-1,-1
39,1182,295.81,68.52,149.70,396.30,1,-1,-1,-1
39,1181,73.12,46.05,152.19,403.06,1,-1,-1,-1
40,1210,182.12,70.69,57.75,143.13,1,-1,-1,-1
40,1209,464.87,185.11,31.02,84.37,1,-1,-1,-1
40,1208,433.76,173.62,35.33,98.59,1,-1,-1,-1
40,1206,407.67,154.17,37.92,132.52,1,-1,-1,-1
40,1204,3.50,116.07,51.92,157.27,1,-1,-1,-1
40,1182,294.42,62.90,156.89,408.29,1,-1,-1,-1
40,1181,75.69,50.12,156.21,411.04,1,-1,-1,-1
41,1210,178.78,65.64,61.57,157.45,1,-1,-1,-1
41,1208,430.74,168.22,38.30,101.27,1,-1,-1,-1
41,1204,2.01,115.69,55.25,164.16,1,-1,-1,-1
41,1182,293.85,62.70,161.34,414.07,1,-1,-1,-1
41,1181,70.17,41.57,158.70,424.35,1,-1,-1,-1
42,1204,-0.47,108.65,53.84,161.59,1,-1,-1,-1
42,1182,293.41,58.05,158.46,419.73,1,-1,-1,-1
42,1181,62.33,41.84,166.07,429.57,1,-1,-1,-1
43,1204,-2.38,98.80,50.20,151.47,1,-1,-1,-1
43,1182,296.23,54.45,160.28,424.72,1,-1,-1,-1
43,1181,54.73,26.35,170.50,440.06,1,-1,-1,-1
44,1204,-2.32,101.74,47.12,145.55,1,-1,-1,-1
44,1182,292.47,50.94,162.07,429.05,1,-1,-1,-1
44,1181,49.12,31.12,176.95,436.85,1,-1,-1,-1
45,1204,-2.36,99.39,44.90,144.38,1,-1,-1,-1
45,1182,296.00,44.51,166.36,434.14,1,-1,-1,-1
45,1181,42.56,32.58,184.64,436.61,1,-1,-1,-1
46,1204,-1.84,97.38,40.77,139.85,1,-1,-1,-1
46,1182,290.32,40.21,171.25,436.47,1,-1,-1,-1
46,1181,35.51,28.53,191.77,440.48,1,-1,-1,-1
47,1204,-0.22,98.45,39.33,137.71,1,-1,-1,-1
47,1182,289.58,25.34,169.58,447.74,1,-1,-1,-1
47,1181,32.33,24.25,202.58,444.89,1,-1,-1,-1
48,1204,0.46,97.02,36.86,136.21,1,-1,-1,-1
48,1182,294.96,29.80,170.35,449.26,1,-1,-1,-1
48,1181,28.64,16.77,209.19,450.82,1,-1,-1,-1
49,1204,1.08,96.19,34.98,129.72,1,-1,-1,-1
49,1182,300.54,29.22,172.81,451.61,1,-1,-1,-1
49,1181,26.58,14.17,214.42,453.49,1,-1,-1,-1
50,1204,1.52,97.59,34.48,128.88,1,-1,-1,-1
50,1182,303.53,16.68,173.67,460.27,1,-1,-1,-1
50,1181,17.98,11.91,217.37,459.28,1,-1,-1,-1
51,1204,5.00,92.49,35.97,126.49,1,-1,-1,-1
51,1182,301.46,19.66,172.84,461.07,1,-1,-1,-1
51,1181,12.11,11.65,219.60,460.82,1,-1,-1,-1
52,1204,4.17,91.80,36.28,124.04,1,-1,-1,-1
52,1182,300.80,16.41,175.78,464.30,1,-1,-1,-1
52,1181,15.23,4.85,222.05,467.68,1,-1,-1,-1
53,1204,3.32,88.54,38.32,120.23,1,-1,-1,-1
53,1182,310.47,15.68,171.73,465.75,1,-1,-1,-1
53,1181,13.43,1.70,224.13,473.44,1,-1,-1,-1
54,1204,0.67,93.47,37.07,123.02,1,-1,-1,-1
54,1182,317.37,11.82,171.26,468.85,1,-1,-1,-1
54,1181,16.07,-1.83,224.09,475.37,1,-1,-1,-1
55,1204,-0.37,92.77,36.25,126.05,1,-1,-1,-1
55,1182,316.37,7.57,176.61,471.77,1,-1,-1,-1
55,1181,19.15,-3.43,225.32,476.83,1,-1,-1,-1
56,1204,0.86,90.09,37.48,123.51,1,-1,-1,-1
56,1182,316.86,7.25,178.34,472.16,1,-1,-1,-1
56,1181,12.36,-2.32,227.25,476.78,1,-1,-1,-1
57,1204,-0.46,88.12,36.37,126.10,1,-1,-1,-1
57,1182,316.37,1.96,182.14,477.02,1,-1,-1,-1
57,1181,11.72,1.56,233.50,477.17,1,-1,-1,-1
58,1204,-0.32,87.12,36.13,125.51,1,-1,-1,-1
58,1182,316.36,-0.72,183.01,480.29,1,-1,-1,-1
58,1181,9.28,2.30,238.80,478.14,1,-1,-1,-1
59,1204,-0.44,87.52,35.70,127.20,1,-1,-1,-1
59,1182,320.30,6.68,194.97,477.07,1,-1,-1,-1
59,1181,12.86,4.93,231.84,475.45,1,-1,-1,-1
60,1204,-1.00,86.58,34.39,127.04,1,-1,-1,-1
60,1182,325.77,13.35,187.71,473.17,1,-1,-1,-1
60,1181,18.90,10.46,229.76,463.13,1,-1,-1,-1
61,1204,-1.69,84.74,32.54,114.59,1,-1,-1,-1
61,1182,320.87,13.10,206.08,472.18,1,-1,-1,-1
61,1181,20.17,13.93,231.73,456.85,1,-1,-1,-1
62,1204,-1.08,87.27,31.47,114.68,1,-1,-1,-1
62,1182,329.35,9.65,214.02,473.71,1,-1,-1,-1
62,1181,21.75,11.59,235.73,452.10,1,-1,-1,-1
63,1204,-1.39,86.90,29.98,105.70,1,-1,-1,-1
63,1182,324.40,3.10,218.58,465.69,1,-1,-1,-1
63,1181,24.63,7.20,242.10,447.83,1,-1,-1,-1
64,1204,-0.29,88.10,29.63,110.25,1,-1,-1,-1
64,1182,323.69,6.62,220.67,469.07,1,-1,-1,-1
64,1181,24.46,7.90,247.13,446.68,1,-1,-1,-1
65,1204,-0.62,87.92,27.52,102.65,1,-1,-1,-1
65,1182,321.99,8.08,219.35,471.00,1,-1,-1,-1
65,1181,23.89,9.43,251.10,442.28,1,-1,-1,-1
66,1182,325.46,3.04,218.31,475.48,1,-1,-1,-1
66,1181,16.49,9.49,250.64,439.37,1,-1,-1,-1
67,1182,327.55,4.92,219.28,476.10,1,-1,-1,-1
67,1181,16.45,12.06,248.53,438.26,1,-1,-1,-1
68,1182,333.11,1.93,217.37,478.59,1,-1,-1,-1
68,1181,16.33,11.72,254.65,436.85,1,-1,-1,-1
69,1182,327.93,7.66,219.38,476.08,1,-1,-1,-1
69,1181,15.85,15.22,254.42,436.60,1,-1,-1,-1
70,1182,328.97,8.68,222.10,475.21,1,-1,-1,-1
70,1181,14.16,14.06,258.56,436.17,1,-1,-1,-1
71,1182,331.66,2.69,219.80,478.34,1,-1,-1,-1
71,1181,11.88,16.89,258.65,436.05,1,-1,-1,-1
72,1219,294.37,173.62,27.57,70.61,1,-1,-1,-1
72,1182,323.23,6.85,219.27,476.54,1,-1,-1,-1
72,1181,12.66,18.49,260.36,434.73,1,-1,-1,-1
73,1219,294.00,172.32,27.39,66.37,1,-1,-1,-1
73,1182,323.85,6.79,222.96,476.40,1,-1,-1,-1
73,1181,12.60,19.88,262.28,435.14,1,-1,-1,-1
74,1219,293.86,171.96,28.10,65.57,1,-1,-1,-1
74,1182,323.27,6.99,219.27,476.11,1,-1,-1,-1
74,1181,20.45,12.25,258.45,444.87,1,-1,-1,-1
75,1220,164.34,14.91,108.71,301.16,1,-1,-1,-1
75,1219,294.41,172.42,30.94,71.79,1,-1,-1,-1
75,1182,323.07,22.08,216.04,466.51,1,-1,-1,-1
75,1181,21.12,7.65,255.77,449.51,1,-1,-1,-1
76,1220,171.29,23.80,107.09,324.69,1,-1,-1,-1
76,1219,295.20,174.71,37.93,86.39,1,-1,-1,-1
76,1182,319.05,16.61,212.31,467.54,1,-1,-1,-1
76,1181,19.08,8.12,262.07,444.49,1,-1,-1,-1
77,1220,168.37,13.54,110.24,318.27,1,-1,-1,-1
77,1219,294.09,170.09,41.98,91.85,1,-1,-1,-1
77,1182,325.91,7.49,202.79,471.81,1,-1,-1,-1
77,1181,16.72,10.79,265.77,440.76,1,-1,-1,-1
78,1220,164.81,10.70,111.79,316.28,1,-1,-1,-1
78,1219,294.74,170.13,42.00,92.56,1,-1,-1,-1
78,1182,329.36,3.07,198.06,475.34,1,-1,-1,-1
78,1181,15.00,14.35,267.88,439.15,1,-1,-1,-1
79,1219,291.20,171.30,40.70,92.93,1,-1,-1,-1
79,1182,321.45,27.45,203.20,459.42,1,-1,-1,-1
79,1181,15.58,14.24,268.62,436.68,1,-1,-1,-1
80,1219,290.20,169.37,39.49,81.98,1,-1,-1,-1
80,1182,319.30,19.51,205.42,462.62,1,-1,-1,-1
80,1181,13.64,17.50,266.73,434.83,1,-1,-1,-1
81,1182,312.75,23.30,205.74,460.47,1,-1,-1,-1
81,1181,12.75,21.02,262.81,434.72,1,-1,-1,-1
82,1182,307.45,25.65,214.53,458.51,1,-1,-1,-1
82,1181,22.76,20.87,254.92,434.84,1,-1,-1,-1
83,1182,298.61,40.73,217.00,448.54,1,-1,-1,-1
83,1181,21.61,19.53,249.99,434.97,1,-1,-1,-1
84,1182,308.70,28.45,213.72,453.11,1,-1,-1,-1
84,1181,79.54,11.55,216.60,430.72,1,-1,-1,-1
85,1182,315.82,17.24,207.62,459.48,1,-1,-1,-1
85,1181,51.32,15.79,224.24,430.61,1,-1,-1,-1
86,1182,313.43,22.74,209.72,458.19,1,-1,-1,-1
86,1181,38.90,16.63,230.72,431.25,1,-1,-1,-1
87,1182,310.64,11.06,211.21,465.55,1,-1,-1,-1
87,1181,29.73,20.13,236.83,434.28,1,-1,-1,-1
88,1182,314.55,23.34,212.15,460.14,1,-1,-1,-1
88,1181,30.38,20.03,240.73,434.17,1,-1,-1,-1
89,1182,318.70,14.85,215.42,464.75,1,-1,-1,-1
89,1181,27.11,22.43,243.65,434.98,1,-1,-1,-1
90,1182,321.90,7.66,211.31,469.58,1,-1,-1,-1
90,1181,27.52,21.26,250.21,438.15,1,-1,-1,-1
91,1182,323.84,9.96,210.35,469.87,1,-1,-1,-1
91,1181,25.85,19.91,255.61,437.45,1,-1,-1,-1
92,1182,322.15,13.74,217.84,468.31,1,-1,-1,-1
92,1181,26.18,12.44,249.01,446.10,1,-1,-1,-1
93,1182,319.86,26.20,216.61,460.79,1,-1,-1,-1
93,1181,26.77,15.39,254.76,443.76,1,-1,-1,-1
94,1182,317.87,11.89,220.90,467.58,1,-1,-1,-1
94,1181,23.38,18.67,257.61,442.42,1,-1,-1,-1
95,1230,295.59,173.82,34.76,87.87,1,-1,-1,-1
95,1182,320.07,5.39,222.06,472.28,1,-1,-1,-1
95,1181,22.95,19.66,258.54,440.73,1,-1,-1,-1
96,1230,291.23,175.55,33.54,85.08,1,-1,-1,-1
96,1182,319.07,8.22,217.94,472.03,1,-1,-1,-1
96,1181,72.57,13.13,224.84,437.86,1,-1,-1,-1
97,1230,291.48,177.43,33.07,83.75,1,-1,-1,-1
97,1182,316.09,10.17,223.65,471.40,1,-1,-1,-1
97,1181,47.93,8.07,226.37,445.35,1,-1,-1,-1
98,1230,285.01,176.43,33.55,81.75,1,-1,-1,-1
98,1182,317.11,10.75,220.11,467.76,1,-1,-1,-1
98,1181,44.53,10.54,224.95,447.49,1,-1,-1,-1
99,1230,287.95,174.18,36.79,87.11,1,-1,-1,-1
99,1182,320.85,13.88,218.84,464.92,1,-1,-1,-1
99,1181,97.67,8.66,194.61,442.31,1,-1,-1,-1
100,1230,290.05,178.87,36.34,83.41,1,-1,-1,-1
100,1182,317.55,6.57,224.06,470.53,1,-1,-1,-1
100,1181,53.82,15.15,203.57,441.36,1,-1,-1,-1
101,1230,289.56,169.71,36.96,84.93,1,-1,-1,-1
101,1182,313.57,21.34,221.44,463.46,1,-1,-1,-1
101,1181,33.06,15.61,217.60,449.08,1,-1,-1,-1
102,1182,325.94,10.37,215.96,468.43,1,-1,-1,-1
102,1181,24.95,8.39,222.85,455.90,1,-1,-1,-1
103,1235,177.01,23.73,107.47,397.83,1,-1,-1,-1
103,1182,331.65,4.62,209.85,471.69,1,-1,-1,-1
103,1181,27.16,3.31,226.55,458.89,1,-1,-1,-1
104,1235,183.00,27.40,106.02,392.92,1,-1,-1,-1
104,1182,324.84,8.20,208.82,471.42,1,-1,-1,-1
104,1181,17.32,1.69,230.47,462.29,1,-1,-1,-1
105,1235,183.63,29.98,104.53,389.17,1,-1,-1,-1
105,1230,289.17,166.40,36.27,82.04,1,-1,-1,-1
105,1182,331.01,3.63,206.07,474.63,1,-1,-1,-1
105,1181,22.86,4.01,226.26,460.45,1,-1,-1,-1
106,1235,183.46,35.25,101.03,381.73,1,-1,-1,-1
106,1230,288.26,171.42,37.46,82.45,1,-1,-1,-1
106,1182,331.09,11.77,207.63,470.86,1,-1,-1,-1
106,1181,25.74,1.52,228.56,462.96,1,-1,-1,-1
107,1235,180.00,27.42,100.77,389.07,1,-1,-1,-1
107,1230,289.61,175.36,38.67,83.27,1,-1,-1,-1
107,1182,332.59,5.00,209.02,474.42,1,-1,-1,-1
107,1181,19.53,0.17,236.76,465.18,1,-1,-1,-1
108,1235,180.78,29.32,99.76,390.50,1,-1,-1,-1
108,1230,284.19,178.21,38.46,81.87,1,-1,-1,-1
108,1182,325.41,3.34,218.66,476.31,1,-1,-1,-1
108,1181,20.16,-0.77,235.07,466.19,1,-1,-1,-1
109,1235,187.43,32.96,99.10,389.31,1,-1,-1,-1
109,1230,286.03,177.06,39.51,86.39,1,-1,-1,-1
109,1182,329.82,6.36,217.66,475.12,1,-1,-1,-1
109,1181,20.48,-1.62,237.87,466.58,1,-1,-1,-1
110,1235,190.12,35.36,99.05,390.24,1,-1,-1,-1
110,1230,288.63,176.23,39.57,86.11,1,-1,-1,-1
110,1182,324.35,19.10,208.15,467.95,1,-1,-1,-1
110,1181,25.29,-2.58,239.06,465.94,1,-1,-1,-1
111,1235,190.46,37.46,100.12,389.09,1,-1,-1,-1
111,1230,288.51,175.03,39.81,89.14,1,-1,-1,-1
111,1182,332.32,10.88,204.03,470.53,1,-1,-1,-1
111,1181,20.25,-1.76,242.99,467.15,1,-1,-1,-1
112,1235,187.68,38.02,98.30,387.35,1,-1,-1,-1
112,1230,289.22,178.45,37.83,86.54,1,-1,-1,-1
112,1182,328.92,29.96,202.13,459.06,1,-1,-1,-1
112,1181,21.16,-1.73,242.54,467.73,1,-1,-1,-1
113,1235,188.74,29.97,95.13,394.87,1,-1,-1,-1
113,1182,321.82,28.75,205.98,456.90,1,-1,-1,-1
113,1181,21.94,-0.60,243.87,464.18,1,-1,-1,-1
114,1235,180.89,22.87,99.18,405.29,1,-1,-1,-1
114,1182,315.17,40.75,210.28,447.75,1,-1,-1,-1
114,1181,10.96,0.81,248.33,468.16,1,-1,-1,-1
115,1235,177.41,23.82,102.78,405.60,1,-1,-1,-1
115,1182,323.99,21.43,220.19,457.25,1,-1,-1,-1
115,1181,4.10,1.55,250.41,472.15,1,-1,-1,-1
116,1235,175.46,20.22,104.91,411.25,1,-1,-1,-1
116,1182,312.42,26.29,229.99,455.24,1,-1,-1,-1
116,1181,4.13,7.71,253.47,467.58,1,-1,-1,-1
117,1235,177.10,16.14,105.68,416.13,1,-1,-1,-1
117,1182,310.29,20.06,218.19,458.31,1,-1,-1,-1
117,1181,2.36,4.05,255.02,471.37,1,-1,-1,-1
118,1235,172.76,18.84,108.79,413.36,1,-1,-1,-1
118,1182,314.20,13.48,218.72,463.19,1,-1,-1,-1
118,1181,1.98,-5.03,253.83,444.67,1,-1,-1,-1
119,1235,168.37,-2.28,114.27,355.54,1,-1,-1,-1
119,1182,306.46,22.77,227.20,459.08,1,-1,-1,-1
119,1181,20.34,1.11,252.73,451.08,1,-1,-1,-1
120,1235,175.93,4.98,112.59,344.96,1,-1,-1,-1
120,1182,303.73,17.56,225.37,461.82,1,-1,-1,-1
120,1181,37.87,2.65,246.13,455.63,1,-1,-1,-1
121,1235,172.90,24.90,112.37,360.75,1,-1,-1,-1
121,1182,311.49,19.53,220.12,461.23,1,-1,-1,-1
121,1181,22.42,7.74,248.25,461.38,1,-1,-1,-1
122,1236,503.84,164.09,25.97,117.60,1,-1,-1,-1
122,1235,170.60,30.28,112.40,367.56,1,-1,-1,-1
122,1182,313.84,12.47,219.28,465.42,1,-1,-1,-1
122,1181,12.06,14.59,249.26,462.03,1,-1,-1,-1
123,1236,502.41,164.11,27.98,125.63,1,-1,-1,-1
123,1235,184.71,33.09,107.69,379.82,1,-1,-1,-1
123,1182,320.10,20.28,213.60,461.99,1,-1,-1,-1
123,1181,24.81,5.93,249.94,464.60,1,-1,-1,-1
124,1236,501.55,164.11,28.73,128.18,1,-1,-1,-1
124,1235,181.35,35.01,106.64,372.06,1,-1,-1,-1
124,1182,320.45,24.75,211.09,458.86,1,-1,-1,-1
124,1181,26.03,2.51,250.63,466.95,1,-1,-1,-1
125,1236,503.53,163.71,28.04,123.98,1,-1,-1,-1
125,1235,175.46,28.40,108.79,384.94,1,-1,-1,-1
125,1182,322.16,29.87,208.82,454.86,1,-1,-1,-1
125,1181,14.71,2.62,250.15,471.16,1,-1,-1,-1
126,1237,288.99,173.30,39.59,89.68,1,-1,-1,-1
126,1236,504.18,162.43,27.33,121.57,1,-1,-1,-1
126,1182,315.93,47.69,207.44,442.74,1,-1,-1,-1
126,1181,23.85,0.33,251.92,472.09,1,-1,-1,-1
127,1237,289.87,175.71,39.88,90.96,1,-1,-1,-1
127,1236,503.54,161.80,26.66,119.69,1,-1,-1,-1
127,1182,321.48,36.60,205.39,445.75,1,-1,-1,-1
127,1181,25.85,-0.25,249.87,473.27,1,-1,-1,-1
128,1237,290.04,176.43,40.03,91.62,1,-1,-1,-1
128,1236,504.23,162.51,26.25,118.41,1,-1,-1,-1
128,1182,322.86,25.72,209.20,451.82,1,-1,-1,-1
128,1181,26.28,-0.69,252.75,474.29,1,-1,-1,-1
129,1237,289.67,177.71,40.25,92.19,1,-1,-1,-1
129,1236,503.72,159.94,26.43,121.49,1,-1,-1,-1
129,1182,322.15,23.63,206.95,453.07,1,-1,-1,-1
129,1181,27.21,-0.27,260.20,476.44,1,-1,-1,-1
130,1237,288.39,176.57,40.74,92.95,1,-1,-1,-1
130,1236,503.98,160.72,26.48,121.48,1,-1,-1,-1
130,1182,324.07,29.92,203.22,450.84,1,-1,-1,-1
130,1181,26.40,-1.65,253.75,475.86,1,-1,-1,-1
131,1239,204.82,40.47,41.34,56.90,1,-1,-1,-1
131,1237,289.70,175.98,39.07,89.25,1,-1,-1,-1
131,1236,503.57,157.88,26.76,124.46,1,-1,-1,-1
131,1182,324.37,27.40,201.42,452.25,1,-1,-1,-1
131,1181,30.81,6.51,255.65,466.71,1,-1,-1,-1
132,1237,289.58,173.76,38.18,86.34,1,-1,-1,-1
132,1236,502.06,155.67,28.83,123.16,1,-1,-1,-1
132,1182,326.53,25.99,203.58,453.49,1,-1,-1,-1
132,1181,32.33,9.51,257.56,460.89,1,-1,-1,-1
133,1237,290.28,177.12,38.87,86.21,1,-1,-1,-1
133,1236,500.67,152.57,30.97,125.66,1,-1,-1,-1
133,1182,324.93,22.07,206.38,456.31,1,-1,-1,-1
133,1181,21.81,4.44,257.66,464.02,1,-1,-1,-1
134,1237,290.01,175.56,38.51,85.43,1,-1,-1,-1
134,1236,499.84,152.85,32.82,127.38,1,-1,-1,-1
134,1182,324.97,11.60,204.77,463.07,1,-1,-1,-1
134,1181,22.56,2.64,255.49,467.09,1,-1,-1,-1
135,1237,289.19,177.31,37.32,85.52,1,-1,-1,-1
135,1236,498.90,152.96,33.19,128.94,1,-1,-1,-1
135,1182,321.07,37.51,206.48,449.32,1,-1,-1,-1
135,1181,68.54,12.75,288.76,437.18,1,-1,-1,-1
136,1237,288.90,176.91,35.45,84.19,1,-1,-1,-1
136,1236,499.12,153.26,31.40,131.00,1,-1,-1,-1
136,1182,324.45,18.70,206.05,457.98,1,-1,-1,-1
136,1181,38.91,17.38,277.30,438.32,1,-1,-1,-1
137,1237,289.86,176.84,34.32,84.44,1,-1,-1,-1
137,1236,498.94,151.74,31.95,130.95,1,-1,-1,-1
137,1182,323.24,9.69,211.32,464.99,1,-1,-1,-1
137,1181,33.41,13.44,266.95,443.43,1,-1,-1,-1
138,1237,290.88,174.84,34.36,83.55,1,-1,-1,-1
138,1236,498.47,152.82,31.62,128.77,1,-1,-1,-1
138,1182,319.49,12.24,214.85,465.65,1,-1,-1,-1
138,1181,30.55,19.62,259.02,441.12,1,-1,-1,-1
139,1237,291.38,174.39,33.25,81.55,1,-1,-1,-1
139,1236,498.39,152.09,32.14,128.10,1,-1,-1,-1
139,1182,318.85,26.42,210.26,458.35,1,-1,-1,-1
139,1181,7.64,23.36,254.44,446.33,1,-1,-1,-1
140,1240,183.54,32.59,105.44,390.55,1,-1,-1,-1
140,1237,291.15,172.97,33.16,80.61,1,-1,-1,-1
140,1236,498.86,153.12,32.22,127.18,1,-1,-1,-1
140,1182,319.00,23.26,209.95,458.66,1,-1,-1,-1
140,1181,6.07,13.59,249.97,452.64,1,-1,-1,-1
141,1240,177.62,25.43,108.28,401.89,1,-1,-1,-1
141,1237,290.64,173.37,33.49,80.49,1,-1,-1,-1
141,1236,501.30,160.08,31.01,122.71,1,-1,-1,-1
141,1182,323.03,17.70,206.80,461.29,1,-1,-1,-1
141,1181,11.28,14.91,248.16,453.94,1,-1,-1,-1
142,1240,175.29,25.44,111.11,400.71,1,-1,-1,-1
142,1237,290.64,172.99,33.78,81.79,1,-1,-1,-1
142,1236,502.32,161.93,30.40,121.58,1,-1,-1,-1
142,1182,322.28,25.07,206.20,457.43,1,-1,-1,-1
142,1181,11.61,18.32,247.85,452.94,1,-1,-1,-1
143,1240,178.07,18.72,109.90,403.31,1,-1,-1,-1
143,1237,290.25,174.47,33.84,82.54,1,-1,-1,-1
143,1236,504.29,164.50,29.98,115.80,1,-1,-1,-1
143,1182,322.51,31.12,206.89,453.05,1,-1,-1,-1
143,1181,11.70,16.94,243.19,452.20,1,-1,-1,-1
144,1240,175.53,20.05,111.67,403.86,1,-1,-1,-1
144,1237,291.08,174.11,34.49,83.37,1,-1,-1,-1
144,1236,503.53,164.04,29.32,116.11,1,-1,-1,-1
144,1182,319.61,26.17,209.84,454.71,1,-1,-1,-1
144,1181,14.77,16.90,238.52,450.00,1,-1,-1,-1
145,1240,175.42,27.09,113.78,402.15,1,-1,-1,-1
145,1237,291.57,174.14,34.03,83.81,1,-1,-1,-1
145,1182,322.15,13.16,214.73,462.51,1,-1,-1,-1
145,1181,12.02,10.45,236.69,457.17,1,-1,-1,-1
146,1240,172.72,27.84,115.44,403.31,1,-1,-1,-1
146,1237,292.18,172.01,33.98,83.80,1,-1,-1,-1
146,1182,326.94,16.36,215.92,462.36,1,-1,-1,-1
146,1181,15.89,13.51,233.33,454.97,1,-1,-1,-1
147,1240,171.87,29.14,116.48,401.58,1,-1,-1,-1
147,1237,291.71,172.73,32.28,80.87,1,-1,-1,-1
147,1182,333.96,8.05,223.28,468.25,1,-1,-1,-1
147,1181,9.60,25.70,229.72,450.21,1,-1,-1,-1
148,1240,181.67,31.05,110.26,400.06,1,-1,-1,-1
148,1237,290.04,174.53,31.09,77.58,1,-1,-1,-1
148,1182,322.49,23.11,218.90,460.95,1,-1,-1,-1
148,1181,21.73,19.07,233.84,450.89,1,-1,-1,-1
149,1240,175.59,23.28,111.04,403.63,1,-1,-1,-1
149,1237,289.71,174.52,30.20,75.44,1,-1,-1,-1
149,1182,326.22,16.09,219.83,463.80,1,-1,-1,-1
149,1181,13.80,19.46,237.02,452.66,1,-1,-1,-1
150,1240,184.05,35.88,105.40,396.75,1,-1,-1,-1
150,1237,288.82,183.75,31.79,81.61,1,-1,-1,-1
150,1182,327.19,8.16,215.99,468.40,1,-1,-1,-1
150,1181,24.22,21.23,240.19,445.89,1,-1,-1,-1
151,1240,180.61,23.32,105.21,400.94,1,-1,-1,-1
151,1182,313.96,23.08,215.49,460.85,1,-1,-1,-1
151,1181,13.45,20.92,241.07,448.88,1,-1,-1,-1
152,1240,179.50,8.09,105.13,379.85,1,-1,-1,-1
152,1182,323.17,10.99,221.31,466.99,1,-1,-1,-1
152,1181,26.66,22.23,240.08,443.77,1,-1,-1,-1
153,1240,173.00,2.21,109.20,356.12,1,-1,-1,-1
153,1182,320.46,12.56,222.51,466.94,1,-1,-1,-1
153,1181,31.79,24.27,237.85,441.62,1,-1,-1,-1
154,1240,175.25,23.35,107.44,366.16,1,-1,-1,-1
154,1182,311.58,11.30,219.94,467.94,1,-1,-1,-1
154,1181,22.91,23.24,242.09,444.34,1,-1,-1,-1
155,1240,171.34,32.80,107.52,375.17,1,-1,-1,-1
155,1182,317.21,5.68,222.05,471.71,1,-1,-1,-1
155,1181,13.81,14.49,243.94,451.12,1,-1,-1,-1
156,1240,171.30,12.67,109.16,348.66,1,-1,-1,-1
156,1182,315.59,6.27,220.70,472.39,1,-1,-1,-1
156,1181,25.85,14.44,241.60,448.67,1,-1,-1,-1
157,1242,502.80,162.47,27.71,117.13,1,-1,-1,-1
157,1240,170.91,7.94,109.28,334.26,1,-1,-1,-1
157,1182,306.28,5.85,219.97,473.21,1,-1,-1,-1
157,1181,31.48,16.37,239.32,445.45,1,-1,-1,-1
158,1242,501.35,151.82,30.90,126.79,1,-1,-1,-1
158,1240,176.59,26.41,111.62,353.70,1,-1,-1,-1
158,1182,308.27,3.43,220.20,475.07,1,-1,-1,-1
158,1181,20.20,16.61,239.82,446.26,1,-1,-1,-1
159,1242,500.39,155.36,30.18,124.54,1,-1,-1,-1
159,1240,173.93,17.07,111.05,339.46,1,-1,-1,-1
159,1182,303.40,5.12,218.58,474.68,1,-1,-1,-1
159,1181,29.33,14.57,239.43,445.51,1,-1,-1,-1
160,1242,500.55,166.78,29.29,114.39,1,-1,-1,-1
160,1240,177.79,26.11,109.49,360.77,1,-1,-1,-1
160,1182,305.13,10.91,216.54,471.42,1,-1,-1,-1
160,1181,27.82,13.98,237.62,444.70,1,-1,-1,-1
161,1243,586.54,-5.69,49.14,115.52,1,-1,-1,-1
161,1242,503.77,180.57,26.02,100.32,1,-1,-1,-1
161,1240,170.70,15.83,111.83,344.46,1,-1,-1,-1
161,1182,303.54,9.85,213.54,471.25,1,-1,-1,-1
161,1181,30.06,6.98,236.12,448.78,1,-1,-1,-1
162,1242,506.02,186.64,23.96,91.16,1,-1,-1,-1
162,1240,170.91,30.40,112.59,358.90,1,-1,-1,-1
162,1182,304.53,11.29,214.76,470.07,1,-1,-1,-1
162,1181,13.14,11.13,239.10,449.95,1,-1,-1,-1
163,1242,507.03,187.15,23.29,85.60,1,-1,-1,-1
163,1240,167.39,13.04,115.97,350.98,1,-1,-1,-1
163,1182,299.95,11.77,214.33,469.37,1,-1,-1,-1
163,1181,18.63,6.66,243.08,455.61,1,-1,-1,-1
164,1242,506.41,185.66,22.80,82.87,1,-1,-1,-1
164,1182,296.22,10.96,213.22,469.50,1,-1,-1,-1
164,1181,27.40,8.83,243.57,443.08,1,-1,-1,-1
165,1242,506.92,186.37,22.87,79.58,1,-1,-1,-1
165,1182,296.36,10.82,216.14,469.52,1,-1,-1,-1
165,1181,29.49,4.10,248.00,446.34,1,-1,-1,-1
166,1242,506.56,189.32,23.35,78.30,1,-1,-1,-1
166,1182,294.09,9.85,216.40,470.06,1,-1,-1,-1
166,1181,31.07,2.88,249.27,450.07,1,-1,-1,-1
167,1242,503.22,188.02,26.35,84.17,1,-1,-1,-1
167,1240,156.45,31.00,125.95,326.79,1,-1,-1,-1
167,1182,294.11,5.20,215.05,472.84,1,-1,-1,-1
168,1242,498.57,186.67,27.70,80.98,1,-1,-1,-1
168,1240,157.70,36.66,122.63,344.94,1,-1,-1,-1
168,1182,298.92,5.19,216.19,473.64,1,-1,-1,-1
169,1242,502.39,192.29,26.82,79.20,1,-1,-1,-1
169,1182,299.02,2.28,220.24,475.95,1,-1,-1,-1
170,1242,502.93,191.29,26.16,77.85,1,-1,-1,-1
170,1182,292.45,7.30,226.52,473.64,1,-1,-1,-1
170,1181,24.80,3.87,248.34,448.14,1,-1,-1,-1
171,1182,272.36,8.22,232.99,472.87,1,-1,-1,-1
171,1181,23.65,3.98,250.05,453.52,1,-1,-1,-1
172,1182,263.87,4.26,240.99,475.13,1,-1,-1,-1
172,1181,22.66,2.52,250.71,456.40,1,-1,-1,-1
173,1182,278.12,1.92,231.41,476.59,1,-1,-1,-1
173,1181,26.44,0.98,253.17,451.16,1,-1,-1,-1
174,1182,280.24,0.66,229.66,477.91,1,-1,-1,-1
174,1181,32.86,7.45,245.42,448.90,1,-1,-1,-1
175,1182,272.13,2.55,238.82,477.45,1,-1,-1,-1
175,1181,26.22,4.89,247.75,453.38,1,-1,-1,-1
176,1182,280.59,0.78,235.66,478.52,1,-1,-1,-1
176,1181,93.32,3.68,212.89,446.93,1,-1,-1,-1
177,1182,286.89,1.89,232.25,478.17,1,-1,-1,-1
177,1181,121.03,-3.26,186.30,435.58,1,-1,-1,-1
178,1182,287.35,0.44,228.80,479.00,1,-1,-1,-1
178,1181,70.91,13.34,208.62,434.33,1,-1,-1,-1
179,1182,291.82,-0.23,224.76,479.58,1,-1,-1,-1
179,1181,45.96,15.95,219.31,430.05,1,-1,-1,-1
180,1182,280.30,3.00,230.75,477.93,1,-1,-1,-1
180,1181,38.90,11.48,228.50,440.79,1,-1,-1,-1
181,1250,159.98,16.35,122.79,279.20,1,-1,-1,-1
181,1249,545.70,210.44,20.71,30.46,1,-1,-1,-1
181,1248,505.92,188.47,26.03,86.19,1,-1,-1,-1
181,1182,284.23,0.91,229.36,478.86,1,-1,-1,-1
181,1181,34.20,7.98,235.00,448.06,1,-1,-1,-1
182,1250,157.10,44.36,133.25,335.18,1,-1,-1,-1
182,1182,291.66,0.03,227.62,479.48,1,-1,-1,-1
183,1250,157.01,46.35,135.61,369.86,1,-1,-1,-1
183,1182,297.32,1.78,226.10,478.66,1,-1,-1,-1
184,1251,502.04,183.23,28.98,97.30,1,-1,-1,-1
184,1250,159.30,41.23,133.45,387.62,1,-1,-1,-1
184,1182,291.30,5.22,230.14,476.48,1,-1,-1,-1
185,1251,504.79,182.88,27.47,92.69,1,-1,-1,-1
185,1250,82.81,7.63,183.17,456.14,1,-1,-1,-1
185,1249,543.91,205.70,23.49,46.84,1,-1,-1,-1
185,1182,291.24,4.69,232.71,476.26,1,-1,-1,-1
186,1251,502.86,183.30,28.58,92.70,1,-1,-1,-1
186,1250,122.09,13.04,168.56,446.76,1,-1,-1,-1
186,1249,543.84,205.78,22.74,47.47,1,-1,-1,-1
186,1182,266.60,5.50,243.83,475.56,1,-1,-1,-1
187,1251,505.32,183.34,26.04,85.79,1,-1,-1,-1
187,1250,140.64,15.70,156.53,439.49,1,-1,-1,-1
187,1182,280.14,5.61,242.34,475.19,1,-1,-1,-1
188,1251,506.50,186.00,25.93,84.33,1,-1,-1,-1
188,1250,146.64,12.14,151.02,442.15,1,-1,-1,-1
188,1182,287.67,7.89,241.71,473.64,1,-1,-1,-1
189,1251,502.86,183.59,27.70,87.30,1,-1,-1,-1
189,1250,154.88,17.19,141.09,437.85,1,-1,-1,-1
189,1182,288.43,5.83,240.32,474.36,1,-1,-1,-1
190,1251,502.33,183.25,28.62,86.75,1,-1,-1,-1
190,1250,158.46,16.67,134.94,433.32,1,-1,-1,-1
190,1182,291.95,2.68,236.17,476.10,1,-1,-1,-1
191,1251,500.12,182.97,29.26,89.52,1,-1,-1,-1
191,1250,161.82,12.38,131.40,436.06,1,-1,-1,-1
191,1182,294.04,1.64,231.88,477.11,1,-1,-1,-1
192,1251,500.54,180.40,30.38,92.12,1,-1,-1,-1
192,1250,163.37,11.29,128.90,433.85,1,-1,-1,-1
192,1182,280.78,2.88,238.38,476.93,1,-1,-1,-1
193,1251,503.35,180.66,29.91,92.97,1,-1,-1,-1
193,1250,162.72,17.12,129.05,430.36,1,-1,-1,-1
193,1182,287.15,1.08,236.50,478.06,1,-1,-1,-1
194,1251,498.77,177.13,30.96,97.69,1,-1,-1,-1
194,1250,160.51,-5.80,128.33,392.51,1,-1,-1,-1
194,1182,289.98,0.20,235.19,478.90,1,-1,-1,-1
195,1251,498.42,176.37,32.51,101.60,1,-1,-1,-1
195,1250,161.11,13.88,126.18,399.36,1,-1,-1,-1
195,1182,278.94,3.73,239.19,477.15,1,-1,-1,-1
196,1251,498.96,176.22,33.00,103.92,1,-1,-1,-1
196,1250,160.93,26.60,124.16,404.60,1,-1,-1,-1
196,1182,275.87,6.89,239.79,474.99,1,-1,-1,-1
197,1251,498.03,176.18,31.79,102.70,1,-1,-1,-1
197,1250,95.62,26.35,159.64,423.50,1,-1,-1,-1
197,1182,286.74,3.11,235.44,476.47,1,-1,-1,-1
198,1253,537.88,207.22,24.58,53.92,1,-1,-1,-1
198,1251,497.61,175.43,31.21,103.30,1,-1,-1,-1
198,1250,74.47,19.57,178.02,436.29,1,-1,-1,-1
198,1182,280.10,5.71,239.51,475.11,1,-1,-1,-1
199,1253,540.22,206.81,23.17,49.31,1,-1,-1,-1
199,1251,498.79,170.91,31.91,108.07,1,-1,-1,-1
199,1250,116.02,14.50,161.88,435.81,1,-1,-1,-1
199,1182,286.38,2.49,238.52,476.72,1,-1,-1,-1
200,1253,541.18,203.22,24.87,52.95,1,-1,-1,-1
200,1251,498.05,169.38,32.92,113.16,1,-1,-1,-1
200,1250,135.20,8.56,150.71,432.55,1,-1,-1,-1
200,1182,290.92,1.04,233.85,477.78,1,-1,-1,-1
201,1253,539.36,204.60,26.59,55.75,1,-1,-1,-1
201,1251,497.26,173.03,33.42,112.81,1,-1,-1,-1
201,1250,78.11,3.48,182.10,452.25,1,-1,-1,-1
201,1182,291.57,0.25,233.86,478.67,1,-1,-1,-1
202,1253,537.78,203.97,26.96,57.65,1,-1,-1,-1
202,1251,497.45,173.62,33.75,109.22,1,-1,-1,-1
202,1250,100.69,-3.39,172.51,442.62,1,-1,-1,-1
202,1182,289.94,0.18,232.63,479.07,1,-1,-1,-1
203,1253,533.58,200.65,26.83,58.90,1,-1,-1,-1
203,1251,496.82,175.11,34.21,105.65,1,-1,-1,-1
203,1250,58.79,8.22,190.51,436.79,1,-1,-1,-1
203,1182,290.88,-0.25,229.82,479.53,1,-1,-1,-1
204,1253,532.51,200.03,25.83,61.74,1,-1,-1,-1
204,1251,495.85,179.25,35.04,102.60,1,-1,-1,-1
204,1250,41.87,12.46,204.06,432.18,1,-1,-1,-1
204,1182,289.04,-0.52,230.39,479.93,1,-1,-1,-1
205,1253,531.89,196.11,26.10,64.83,1,-1,-1,-1
205,1251,495.41,181.20,35.50,100.14,1,-1,-1,-1
205,1250,31.98,12.92,212.56,429.18,1,-1,-1,-1
205,1182,292.14,-0.66,229.39,480.18,1,-1,-1,-1
206,1253,532.51,194.01,25.80,67.39,1,-1,-1,-1
206,1251,495.62,181.50,35.58,98.77,1,-1,-1,-1
206,1250,26.47,19.69,216.26,430.34,1,-1,-1,-1
206,1182,288.45,-0.76,229.14,480.37,1,-1,-1,-1
207,1253,532.14,191.67,24.84,67.42,1,-1,-1,-1
207,1251,494.51,181.99,36.39,98.17,1,-1,-1,-1
207,1250,29.86,17.81,218.99,433.52,1,-1,-1,-1
207,1182,287.33,-0.82,228.10,480.48,1,-1,-1,-1
208,1253,532.75,193.15,24.32,65.78,1,-1,-1,-1
208,1251,492.34,177.50,36.32,101.19,1,-1,-1,-1
208,1250,75.65,6.31,195.45,424.36,1,-1,-1,-1
208,1182,289.15,-0.85,227.16,480.56,1,-1,-1,-1
209,1253,532.08,191.64,24.08,66.39,1,-1,-1,-1
209,1251,494.37,179.77,35.40,99.82,1,-1,-1,-1
209,1250,102.35,6.03,175.72,414.16,1,-1,-1,-1
209,1182,284.66,-0.87,226.70,480.62,1,-1,-1,-1
210,1253,532.32,194.41,24.04,65.99,1,-1,-1,-1
210,1251,491.34,177.52,34.41,100.68,1,-1,-1,-1
210,1250,129.63,14.21,154.54,402.90,1,-1,-1,-1
210,1182,279.77,-0.89,227.10,480.67,1,-1,-1,-1
211,1253,538.27,191.18,25.12,65.92,1,-1,-1,-1
211,1251,493.30,179.28,32.69,99.44,1,-1,-1,-1
211,1250,148.72,22.67,137.31,393.07,1,-1,-1,-1
211,1182,271.01,-0.95,232.06,480.80,1,-1,-1,-1
212,1253,538.35,193.89,24.34,64.88,1,-1,-1,-1
212,1251,491.16,177.33,33.01,100.49,1,-1,-1,-1
212,1250,157.00,26.08,125.54,386.96,1,-1,-1,-1
212,1182,271.56,-0.98,235.33,480.88,1,-1,-1,-1
213,1255,13.11,7.66,181.75,436.82,1,-1,-1,-1
213,1253,532.31,199.68,23.00,60.70,1,-1,-1,-1
213,1251,490.20,178.89,32.92,101.02,1,-1,-1,-1
213,1250,159.51,38.12,123.20,378.94,1,-1,-1,-1
213,1182,277.59,-0.97,234.52,480.86,1,-1,-1,-1
214,1255,13.15,13.43,172.90,436.57,1,-1,-1,-1
214,1253,530.94,199.43,22.41,62.57,1,-1,-1,-1
214,1251,488.49,178.59,32.75,99.28,1,-1,-1,-1
214,1250,157.82,43.27,125.37,373.83,1,-1,-1,-1
214,1182,268.87,-0.97,234.73,480.87,1,-1,-1,-1
215,1255,14.51,7.20,170.78,431.60,1,-1,-1,-1
215,1251,490.44,177.84,32.22,99.66,1,-1,-1,-1
215,1250,158.59,48.42,126.85,368.66,1,-1,-1,-1
215,1182,270.65,-1.21,234.58,480.50,1,-1,-1,-1
216,1255,9.67,12.36,164.49,415.69,1,-1,-1,-1
216,1251,485.08,172.42,33.53,103.94,1,-1,-1,-1
216,1250,163.72,52.17,125.31,367.68,1,-1,-1,-1
216,1182,259.22,-1.01,237.29,480.64,1,-1,-1,-1
217,1255,6.05,19.46,156.47,411.29,1,-1,-1,-1
217,1251,488.12,172.98,34.22,105.73,1,-1,-1,-1
217,1250,169.64,54.29,123.57,360.92,1,-1,-1,-1
217,1182,248.44,-0.92,235.84,480.67,1,-1,-1,-1
218,1255,12.57,18.74,152.65,415.62,1,-1,-1,-1
218,1251,484.29,169.45,35.47,110.18,1,-1,-1,-1
218,1250,173.10,56.51,122.61,349.97,1,-1,-1,-1
218,1182,261.71,-0.85,231.18,480.61,1,-1,-1,-1
219,1255,17.66,11.15,159.63,423.85,1,-1,-1,-1
219,1251,483.02,171.40,35.97,110.35,1,-1,-1,-1
219,1250,178.43,65.29,122.94,342.31,1,-1,-1,-1
219,1182,274.39,-1.69,219.00,479.27,1,-1,-1,-1
220,1259,151.28,295.83,31.28,68.32,1,-1,-1,-1
220,1255,19.62,10.85,162.87,401.75,1,-1,-1,-1
220,1251,480.96,179.61,35.59,104.18,1,-1,-1,-1
220,1250,184.68,68.57,121.87,329.52,1,-1,-1,-1
220,1182,276.27,-1.03,218.75,479.37,1,-1,-1,-1
221,1259,158.43,304.68,31.47,68.09,1,-1,-1,-1
221,1255,26.31,17.53,162.87,398.15,1,-1,-1,-1
221,1251,480.83,178.07,35.96,103.70,1,-1,-1,-1
221,1250,185.51,80.81,121.42,319.18,1,-1,-1,-1
221,1182,287.75,10.24,211.89,472.38,1,-1,-1,-1
222,1255,24.52,16.20,169.63,416.30,1,-1,-1,-1
222,1251,485.69,174.94,35.45,104.27,1,-1,-1,-1
222,1250,189.37,75.54,112.31,314.98,1,-1,-1,-1
222,1182,289.36,15.54,206.61,464.35,1,-1,-1,-1
223,1255,28.15,21.91,194.29,429.30,1,-1,-1,-1
223,1251,486.25,181.48,33.58,101.32,1,-1,-1,-1
223,1250,194.96,75.82,107.49,304.01,1,-1,-1,-1
223,1182,287.75,19.90,206.53,459.40,1,-1,-1,-1
224,1255,22.82,21.49,206.20,429.20,1,-1,-1,-1
224,1251,488.49,174.63,33.55,103.53,1,-1,-1,-1
224,1250,206.66,79.40,99.74,297.90,1,-1,-1,-1
224,1182,294.25,17.01,204.92,459.09,1,-1,-1,-1
225,1260,545.06,200.14,22.64,51.21,1,-1,-1,-1
225,1255,18.60,24.17,223.84,436.03,1,-1,-1,-1
225,1251,483.79,173.76,34.60,106.19,1,-1,-1,-1
225,1250,207.07,92.10,96.23,284.85,1,-1,-1,-1
225,1182,295.54,31.44,196.54,452.24,1,-1,-1,-1
226,1255,11.27,16.20,218.44,446.50,1,-1,-1,-1
226,1251,481.82,174.59,34.99,106.54,1,-1,-1,-1
226,1250,219.04,90.50,92.01,278.94,1,-1,-1,-1
226,1182,298.46,29.04,186.45,452.00,1,-1,-1,-1
227,1255,10.90,11.02,215.89,455.27,1,-1,-1,-1
227,1251,482.01,174.49,35.91,104.99,1,-1,-1,-1
227,1250,224.07,97.19,89.64,269.66,1,-1,-1,-1
227,1182,299.92,38.03,179.93,446.32,1,-1,-1,-1
228,1255,12.86,8.34,212.03,462.20,1,-1,-1,-1
228,1251,480.53,174.00,36.68,104.32,1,-1,-1,-1
228,1250,227.69,104.85,85.96,258.22,1,-1,-1,-1
228,1182,302.20,24.01,173.94,452.14,1,-1,-1,-1
229,1260,543.94,195.47,24.06,54.27,1,-1,-1,-1
229,1255,14.64,5.85,208.61,467.00,1,-1,-1,-1
229,1251,481.07,178.36,36.42,101.53,1,-1,-1,-1
229,1250,232.65,106.70,82.57,248.50,1,-1,-1,-1
229,1182,304.49,36.00,168.91,446.31,1,-1,-1,-1
230,1260,544.70,198.30,24.93,56.65,1,-1,-1,-1
230,1255,15.22,2.14,215.19,471.06,1,-1,-1,-1
230,1251,486.44,179.41,33.32,99.59,1,-1,-1,-1
230,1250,237.87,107.31,81.95,243.97,1,-1,-1,-1
230,1182,306.88,41.68,161.42,440.80,1,-1,-1,-1
231,1260,546.16,204.13,23.19,51.22,1,-1,-1,-1
231,1255,12.85,3.70,222.32,465.09,1,-1,-1,-1
231,1251,485.99,181.52,33.80,99.94,1,-1,-1,-1
231,1250,245.39,112.58,81.12,238.50,1,-1,-1,-1
231,1182,310.44,38.72,154.02,441.02,1,-1,-1,-1
232,1260,547.92,200.08,24.13,57.99,1,-1,-1,-1
232,1255,7.26,9.77,227.52,443.00,1,-1,-1,-1
232,1251,494.55,185.26,31.92,100.28,1,-1,-1,-1
232,1250,248.59,112.67,81.94,232.44,1,-1,-1,-1
232,1182,315.76,43.89,150.70,437.65,1,-1,-1,-1
233,1264,467.33,159.73,52.91,121.30,1,-1,-1,-1
233,1260,555.61,198.70,23.71,60.41,1,-1,-1,-1
233,1255,7.65,18.55,227.90,442.17,1,-1,-1,-1
233,1251,499.76,183.85,32.15,98.22,1,-1,-1,-1
233,1250,250.11,116.90,84.57,227.85,1,-1,-1,-1
233,1182,324.34,40.49,145.55,438.40,1,-1,-1,-1
234,1265,599.19,197.66,38.70,93.08,1,-1,-1,-1
234,1264,464.69,161.87,53.54,124.11,1,-1,-1,-1
234,1255,5.11,25.66,222.85,438.58,1,-1,-1,-1
234,1251,497.95,180.68,33.46,99.38,1,-1,-1,-1
234,1250,261.95,119.07,80.35,224.01,1,-1,-1,-1
234,1182,336.10,49.26,145.00,427.34,1,-1,-1,-1
235,1265,608.10,216.32,31.55,81.06,1,-1,-1,-1
235,1264,471.18,160.98,56.42,139.35,1,-1,-1,-1
235,1255,4.88,29.07,216.98,436.06,1,-1,-1,-1
235,1250,267.83,116.39,79.01,221.80,1,-1,-1,-1
235,1182,344.43,55.50,143.71,422.12,1,-1,-1,-1
236,1255,9.23,20.92,217.13,441.84,1,-1,-1,-1
236,1250,269.21,117.88,82.24,218.27,1,-1,-1,-1
236,1182,353.50,60.76,144.06,414.09,1,-1,-1,-1
237,1255,18.56,22.28,231.10,441.16,1,-1,-1,-1
237,1250,277.51,115.06,83.70,213.39,1,-1,-1,-1
237,1182,361.41,63.34,150.37,408.92,1,-1,-1,-1
238,1255,14.50,21.58,235.51,442.01,1,-1,-1,-1
238,1250,284.78,118.46,85.02,207.15,1,-1,-1,-1
238,1182,371.87,70.88,147.05,402.01,1,-1,-1,-1
239,1270,595.38,196.81,27.74,65.40,1,-1,-1,-1
239,1255,19.28,15.62,236.47,438.72,1,-1,-1,-1
239,1250,295.31,117.80,84.99,205.76,1,-1,-1,-1
239,1182,390.41,72.73,144.19,391.78,1,-1,-1,-1
240,1274,250.00,147.21,38.98,125.57,1,-1,-1,-1
240,1270,599.43,192.61,29.76,63.53,1,-1,-1,-1
240,1255,31.42,18.35,230.89,436.75,1,-1,-1,-1
240,1250,299.94,122.09,81.83,201.69,1,-1,-1,-1
240,1182,403.23,74.66,145.04,383.61,1,-1,-1,-1
241,1270,600.08,190.26,33.83,73.70,1,-1,-1,-1
241,1255,38.27,24.38,230.17,435.58,1,-1,-1,-1
241,1250,306.09,123.89,80.46,197.70,1,-1,-1,-1
241,1182,415.68,75.82,141.24,377.30,1,-1,-1,-1
242,1270,596.71,209.04,45.40,115.32,1,-1,-1,-1
242,1255,37.55,30.63,229.81,428.35,1,-1,-1,-1
242,1250,306.31,127.99,75.26,189.98,1,-1,-1,-1
242,1182,423.42,74.33,142.26,380.89,1,-1,-1,-1
243,1270,588.06,171.88,54.18,146.99,1,-1,-1,-1
243,1255,41.15,18.95,227.48,435.71,1,-1,-1,-1
243,1250,310.94,123.05,74.23,191.05,1,-1,-1,-1
243,1182,423.31,75.41,136.74,378.97,1,-1,-1,-1
244,1255,46.48,21.04,230.77,415.73,1,-1,-1,-1
244,1250,310.26,122.71,70.83,189.89,1,-1,-1,-1
244,1182,427.06,80.75,136.79,375.75,1,-1,-1,-1
245,1277,394.85,170.12,27.42,95.95,1,-1,-1,-1
245,1255,54.15,14.16,231.27,380.17,1,-1,-1,-1
245,1250,309.20,123.64,72.75,189.54,1,-1,-1,-1
245,1182,429.18,76.13,139.60,374.48,1,-1,-1,-1
246,1277,391.03,170.29,26.19,94.06,1,-1,-1,-1
246,1255,56.19,22.46,232.08,362.63,1,-1,-1,-1
246,1250,315.18,123.18,71.87,187.12,1,-1,-1,-1
246,1182,434.78,71.47,136.97,374.14,1,-1,-1,-1
247,1280,533.55,-2.31,105.26,413.95,1,-1,-1,-1
247,1255,63.09,18.74,233.10,351.30,1,-1,-1,-1
247,1250,313.34,125.15,72.03,184.11,1,-1,-1,-1
247,1182,441.52,59.38,134.05,381.09,1,-1,-1,-1
248,1280,538.61,9.51,103.67,433.04,1,-1,-1,-1
248,1255,67.59,28.89,233.19,362.03,1,-1,-1,-1
248,1250,313.51,128.58,70.43,180.80,1,-1,-1,-1
248,1182,449.47,57.99,134.99,388.01,1,-1,-1,-1
249,1280,535.33,2.59,105.87,448.14,1,-1,-1,-1
249,1279,382.99,167.12,26.36,100.32,1,-1,-1,-1
249,1255,73.84,36.24,229.66,371.34,1,-1,-1,-1
249,1250,315.08,125.62,68.89,180.60,1,-1,-1,-1
249,1182,455.13,52.17,135.88,393.10,1,-1,-1,-1
250,1283,410.30,166.77,31.87,122.98,1,-1,-1,-1
250,1279,388.78,168.79,27.41,97.66,1,-1,-1,-1
250,1255,90.66,31.64,222.71,388.01,1,-1,-1,-1
250,1250,321.80,129.10,66.91,177.89,1,-1,-1,-1
250,1182,474.05,36.69,144.20,392.81,1,-1,-1,-1
251,1283,410.27,162.94,35.73,130.19,1,-1,-1,-1
251,1255,93.27,23.55,225.45,360.75,1,-1,-1,-1
251,1250,323.17,128.02,66.27,179.63,1,-1,-1,-1
251,1182,476.86,43.62,144.19,397.18,1,-1,-1,-1
252,1283,418.16,168.37,38.55,128.93,1,-1,-1,-1
252,1255,105.74,17.41,217.69,352.90,1,-1,-1,-1
252,1250,328.01,136.24,63.04,178.25,1,-1,-1,-1
252,1182,481.84,42.36,149.10,396.53,1,-1,-1,-1
253,1283,418.27,167.22,37.62,126.58,1,-1,-1,-1
253,1255,113.28,52.95,217.05,366.35,1,-1,-1,-1
253,1250,333.49,137.79,64.01,174.71,1,-1,-1,-1
253,1182,501.95,47.27,141.73,405.19,1,-1,-1,-1
254,1284,71.02,186.49,40.61,88.42,1,-1,-1,-1
254,1283,420.52,168.03,40.35,125.35,1,-1,-1,-1
254,1255,123.24,66.85,212.04,376.28,1,-1,-1,-1
254,1250,336.09,141.41,60.86,173.79,1,-1,-1,-1
254,1182,515.38,28.86,133.62,416.52,1,-1,-1,-1
255,1284,66.21,188.49,35.66,83.70,1,-1,-1,-1
255,1255,139.90,62.71,205.39,388.36,1,-1,-1,-1
255,1250,346.37,143.73,58.08,173.00,1,-1,-1,-1
255,1182,516.75,25.96,130.44,416.29,1,-1,-1,-1
256,1286,447.58,149.11,62.38,195.05,1,-1,-1,-1
256,1284,47.52,194.13,39.28,84.27,1,-1,-1,-1
256,1255,146.16,65.65,204.61,393.28,1,-1,-1,-1
256,1250,350.19,142.29,61.21,170.18,1,-1,-1,-1
256,1182,521.04,19.37,126.13,403.74,1,-1,-1,-1
257,1286,428.29,152.97,67.23,192.70,1,-1,-1,-1
257,1284,33.42,193.07,43.93,85.11,1,-1,-1,-1
257,1255,153.15,61.65,203.06,397.92,1,-1,-1,-1
257,1250,348.07,140.13,60.60,163.75,1,-1,-1,-1
257,1182,520.97,25.49,124.46,418.83,1,-1,-1,-1
258,1288,58.87,129.85,70.52,176.90,1,-1,-1,-1
258,1286,418.24,151.16,64.19,191.15,1,-1,-1,-1
258,1284,21.10,183.46,46.53,87.09,1,-1,-1,-1
258,1255,151.43,60.88,205.29,398.49,1,-1,-1,-1
258,1250,346.58,140.70,57.53,157.83,1,-1,-1,-1
258,1182,527.45,22.61,119.24,419.29,1,-1,-1,-1
259,1288,36.34,132.06,79.74,189.60,1,-1,-1,-1
259,1286,412.96,153.68,59.28,186.69,1,-1,-1,-1
259,1255,163.88,60.31,194.90,398.28,1,-1,-1,-1
259,1250,345.38,143.32,55.72,157.20,1,-1,-1,-1
259,1182,525.64,17.33,118.38,411.37,1,-1,-1,-1
260,1288,11.82,126.65,86.62,197.57,1,-1,-1,-1
260,1286,394.67,142.20,63.19,202.81,1,-1,-1,-1
260,1255,153.40,58.04,197.56,406.26,1,-1,-1,-1
260,1250,339.36,148.13,53.32,157.10,1,-1,-1,-1
260,1182,518.20,29.39,121.76,417.55,1,-1,-1,-1
261,1288,-4.83,123.76,82.10,196.10,1,-1,-1,-1
261,1286,373.90,131.08,77.18,231.05,1,-1,-1,-1
261,1255,142.54,61.76,195.30,409.39,1,-1,-1,-1
261,1250,331.26,154.43,50.26,156.22,1,-1,-1,-1
261,1182,497.75,25.12,132.68,410.54,1,-1,-1,-1
262,1286,354.62,127.46,81.02,236.74,1,-1,-1,-1
262,1255,131.41,47.44,189.53,412.07,1,-1,-1,-1
262,1250,322.56,158.32,49.07,155.96,1,-1,-1,-1
262,1182,485.62,17.40,143.73,427.36,1,-1,-1,-1
263,1286,328.64,122.57,87.96,248.54,1,-1,-1,-1
263,1255,117.07,31.84,193.06,418.33,1,-1,-1,-1
263,1182,467.81,15.57,157.54,427.88,1,-1,-1,-1
264,1286,316.16,124.52,86.42,252.50,1,-1,-1,-1
264,1255,102.41,34.21,199.13,422.83,1,-1,-1,-1
264,1182,461.97,9.80,162.76,422.48,1,-1,-1,-1
265,1286,298.55,135.10,80.88,251.23,1,-1,-1,-1
265,1255,91.57,32.69,210.71,424.88,1,-1,-1,-1
265,1182,457.40,12.85,171.21,439.32,1,-1,-1,-1
266,1293,375.10,167.38,38.89,134.31,1,-1,-1,-1
266,1286,282.45,119.87,82.44,262.31,1,-1,-1,-1
266,1255,77.55,37.21,224.10,424.79,1,-1,-1,-1
266,1182,447.96,10.59,180.94,450.87,1,-1,-1,-1
267,1293,365.53,158.95,44.09,145.65,1,-1,-1,-1
267,1255,68.26,43.19,234.02,417.27,1,-1,-1,-1
267,1182,440.59,8.47,188.45,459.55,1,-1,-1,-1
268,1293,359.34,147.63,48.98,155.43,1,-1,-1,-1
268,1255,61.85,38.36,243.21,420.54,1,-1,-1,-1
268,1182,438.73,6.40,192.09,465.38,1,-1,-1,-1
269,1293,353.30,144.85,47.91,160.84,1,-1,-1,-1
269,1255,51.90,30.18,253.97,431.03,1,-1,-1,-1
269,1182,423.19,3.66,203.08,469.00,1,-1,-1,-1
270,1295,314.77,118.36,44.09,159.54,1,-1,-1,-1
270,1293,345.00,120.21,46.70,153.47,1,-1,-1,-1
270,1255,47.78,33.19,249.02,434.10,1,-1,-1,-1
270,1182,414.91,0.70,209.71,468.98,1,-1,-1,-1
271,1293,333.52,100.91,52.16,160.46,1,-1,-1,-1
271,1255,50.12,18.27,239.71,442.05,1,-1,-1,-1
271,1182,412.85,-2.43,215.75,465.65,1,-1,-1,-1
272,1293,321.55,70.47,52.93,169.19,1,-1,-1,-1
272,1255,47.64,13.97,236.18,442.83,1,-1,-1,-1
272,1182,404.94,-1.05,213.79,466.27,1,-1,-1,-1
273,1293,316.19,69.15,53.50,166.36,1,-1,-1,-1
273,1255,38.86,8.74,230.75,440.00,1,-1,-1,-1
273,1182,399.43,1.41,209.18,469.15,1,-1,-1,-1
274,1293,312.31,73.78,52.23,168.36,1,-1,-1,-1
274,1255,41.09,12.24,234.14,441.72,1,-1,-1,-1
274,1182,386.40,1.76,219.35,472.59,1,-1,-1,-1
275,1299,266.28,119.63,43.94,130.20,1,-1,-1,-1
275,1293,307.47,96.80,52.27,169.13,1,-1,-1,-1
275,1255,32.47,12.88,233.73,447.66,1,-1,-1,-1
275,1182,381.40,0.73,227.30,473.88,1,-1,-1,-1
276,1301,301.12,98.90,44.30,86.47,1,-1,-1,-1
276,1299,262.92,136.75,43.83,132.28,1,-1,-1,-1
276,1293,306.10,121.27,51.41,169.95,1,-1,-1,-1
276,1255,33.46,20.36,233.21,440.93,1,-1,-1,-1
276,1182,385.64,0.96,230.75,475.89,1,-1,-1,-1
277,1299,252.52,152.45,41.02,130.52,1,-1,-1,-1
277,1293,296.24,140.63,53.96,169.49,1,-1,-1,-1
277,1255,32.26,24.47,231.43,437.50,1,-1,-1,-1
277,1182,389.30,0.73,231.73,477.27,1,-1,-1,-1
278,1293,283.10,146.61,58.57,176.60,1,-1,-1,-1
278,1255,24.30,31.77,218.67,436.23,1,-1,-1,-1
278,1182,387.92,-1.99,233.09,474.73,1,-1,-1,-1
279,1293,268.42,161.37,61.42,181.42,1,-1,-1,-1
279,1255,15.24,40.91,215.26,427.34,1,-1,-1,-1
279,1182,387.01,-0.09,228.85,476.22,1,-1,-1,-1
280,1293,251.35,166.53,58.96,180.89,1,-1,-1,-1
280,1255,5.22,41.58,203.78,421.26,1,-1,-1,-1
280,1182,370.40,-2.77,231.92,472.88,1,-1,-1,-1
281,1304,139.78,139.88,68.47,205.28,1,-1,-1,-1
281,1293,255.67,140.78,55.49,172.59,1,-1,-1,-1
281,1255,-8.59,37.31,184.82,427.39,1,-1,-1,-1
281,1182,342.97,-0.08,229.30,474.90,1,-1,-1,-1
282,1308,508.30,7.92,106.06,388.13,1,-1,-1,-1
282,1304,121.34,137.90,60.77,190.47,1,-1,-1,-1
282,1293,254.18,135.14,51.39,171.43,1,-1,-1,-1
282,1255,-17.55,34.41,157.86,428.36,1,-1,-1,-1
282,1182,330.06,0.42,235.74,476.72,1,-1,-1,-1
283,1308,503.02,23.52,111.70,395.94,1,-1,-1,-1
283,1304,100.86,150.42,54.44,173.27,1,-1,-1,-1
283,1293,255.91,140.89,49.74,168.56,1,-1,-1,-1
283,1255,-13.40,30.30,139.52,427.28,1,-1,-1,-1
283,1182,338.03,5.25,239.98,474.15,1,-1,-1,-1
284,1293,265.99,145.29,46.46,166.59,1,-1,-1,-1
284,1255,-7.60,29.88,132.83,426.86,1,-1,-1,-1
284,1182,359.66,-0.70,238.18,471.14,1,-1,-1,-1
285,1312,154.07,108.99,105.35,280.07,1,-1,-1,-1
285,1255,-6.51,24.34,130.49,436.14,1,-1,-1,-1
285,1182,381.15,3.52,240.17,470.04,1,-1,-1,-1
286,1315,171.45,103.15,62.40,116.73,1,-1,-1,-1
286,1313,319.82,66.94,106.36,321.36,1,-1,-1,-1
286,1312,162.03,107.56,99.88,279.33,1,-1,-1,-1
286,1255,-3.51,22.72,126.35,442.45,1,-1,-1,-1
286,1182,406.77,2.96,231.52,472.49,1,-1,-1,-1
287,1316,124.89,166.86,48.72,153.48,1,-1,-1,-1
287,1315,174.60,103.63,69.57,127.51,1,-1,-1,-1
287,1313,351.02,57.33,135.60,393.42,1,-1,-1,-1
287,1312,171.19,114.35,102.65,286.12,1,-1,-1,-1
287,1255,-0.15,16.74,122.87,449.08,1,-1,-1,-1
287,1182,435.79,7.32,215.24,471.50,1,-1,-1,-1
288,1316,127.02,154.99,52.10,166.67,1,-1,-1,-1
288,1315,178.25,93.40,72.33,126.17,1,-1,-1,-1
288,1313,375.44,54.34,148.11,425.47,1,-1,-1,-1
288,1312,177.79,114.16,102.33,289.61,1,-1,-1,-1
288,1293,249.79,170.80,44.38,157.95,1,-1,-1,-1
288,1255,3.99,22.55,124.17,447.70,1,-1,-1,-1
288,1182,465.22,4.67,191.84,472.50,1,-1,-1,-1
289,1316,140.02,158.78,52.63,168.92,1,-1,-1,-1
289,1315,188.47,97.08,72.68,129.29,1,-1,-1,-1
289,1313,401.36,50.04,159.52,445.26,1,-1,-1,-1
289,1312,184.04,112.31,103.69,306.81,1,-1,-1,-1
289,1255,14.83,33.08,134.01,441.04,1,-1,-1,-1
289,1182,505.06,15.19,162.44,467.45,1,-1,-1,-1
290,1318,369.13,61.95,112.59,322.38,1,-1,-1,-1
290,1316,153.02,158.68,52.43,163.85,1,-1,-1,-1
290,1315,201.67,96.34,72.40,134.11,1,-1,-1,-1
290,1313,410.18,31.64,189.50,469.38,1,-1,-1,-1
290,1312,207.42,128.57,99.11,302.14,1,-1,-1,-1
290,1255,16.84,32.99,135.62,435.17,1,-1,-1,-1
290,1182,525.22,14.87,139.02,452.12,1,-1,-1,-1
291,1318,382.18,46.29,112.41,345.84,1,-1,-1,-1
291,1316,161.40,157.58,50.97,166.03,1,-1,-1,-1
291,1315,218.90,92.78,73.88,137.61,1,-1,-1,-1
291,1313,419.46,21.18,208.91,478.64,1,-1,-1,-1
291,1312,217.66,118.01,99.45,315.34,1,-1,-1,-1
291,1255,23.38,20.96,134.06,440.49,1,-1,-1,-1
292,1320,315.47,170.57,55.01,181.44,1,-1,-1,-1
292,1316,164.47,163.74,48.83,165.84,1,-1,-1,-1
292,1313,424.74,10.53,215.36,475.99,1,-1,-1,-1
292,1312,228.38,107.86,101.31,334.00,1,-1,-1,-1
292,1255,28.69,13.49,147.46,440.59,1,-1,-1,-1
293,1320,332.40,168.47,54.57,181.88,1,-1,-1,-1
293,1313,422.27,-6.77,220.27,480.32,1,-1,-1,-1
293,1312,234.36,92.23,107.52,352.56,1,-1,-1,-1
293,1255,31.20,20.44,153.46,433.43,1,-1,-1,-1
294,1320,353.25,162.00,58.65,173.83,1,-1,-1,-1
294,1313,421.70,-5.87,202.74,471.14,1,-1,-1,-1
294,1312,241.73,78.29,114.55,372.78,1,-1,-1,-1
294,1255,38.50,35.38,157.86,424.68,1,-1,-1,-1
295,1325,213.09,177.97,41.58,131.64,1,-1,-1,-1
295,1320,372.46,164.29,57.78,168.66,1,-1,-1,-1
295,1313,427.94,-6.07,193.60,466.71,1,-1,-1,-1
295,1312,248.57,79.99,120.85,383.85,1,-1,-1,-1
295,1255,42.84,43.79,159.81,416.48,1,-1,-1,-1
296,1325,219.71,185.66,38.26,117.78,1,-1,-1,-1
296,1320,385.12,166.26,56.30,166.66,1,-1,-1,-1
296,1313,441.94,-6.77,189.13,468.67,1,-1,-1,-1
296,1312,252.15,68.11,121.37,391.68,1,-1,-1,-1
296,1255,33.46,47.63,171.50,413.33,1,-1,-1,-1
297,1325,227.19,193.13,35.37,111.46,1,-1,-1,-1
297,1320,395.36,163.36,58.49,173.72,1,-1,-1,-1
297,1313,452.19,0.42,176.37,473.43,1,-1,-1,-1
297,1312,250.12,51.06,126.89,409.07,1,-1,-1,-1
297,1255,48.40,30.75,171.37,420.05,1,-1,-1,-1
298,1329,-6.62,113.75,86.49,311.64,1,-1,-1,-1
298,1320,406.95,158.06,66.94,183.97,1,-1,-1,-1
298,1313,468.84,2.74,172.66,478.72,1,-1,-1,-1
298,1312,246.59,82.31,133.11,397.39,1,-1,-1,-1
298,1255,43.22,49.36,182.50,407.18,1,-1,-1,-1
299,1329,-2.68,131.40,72.05,266.55,1,-1,-1,-1
299,1320,414.82,158.42,80.30,185.34,1,-1,-1,-1
299,1313,476.01,-2.89,169.28,482.05,1,-1,-1,-1
299,1312,249.13,101.62,135.28,381.75,1,-1,-1,-1
299,1255,44.08,53.78,201.58,402.09,1,-1,-1,-1
300,1329,-4.88,145.36,61.01,232.81,1,-1,-1,-1
300,1320,427.88,160.52,78.10,182.01,1,-1,-1,-1
300,1313,480.67,-5.67,166.06,483.88,1,-1,-1,-1
300,1312,242.83,99.65,140.73,380.48,1,-1,-1,-1
300,1255,64.35,44.37,224.50,419.38,1,-1,-1,-1
301,1329,-3.01,142.82,54.14,209.39,1,-1,-1,-1
301,1320,437.88,162.37,74.12,181.15,1,-1,-1,-1
301,1313,488.89,-8.34,160.23,482.05,1,-1,-1,-1
301,1312,240.69,121.20,137.07,366.07,1,-1,-1,-1
301,1255,96.94,33.89,228.45,431.91,1,-1,-1,-1
302,1334,372.58,152.08,55.14,159.19,1,-1,-1,-1
302,1329,5.27,154.20,51.52,173.36,1,-1,-1,-1
302,1320,447.50,160.42,71.03,172.82,1,-1,-1,-1
302,1313,493.72,-8.50,154.45,480.78,1,-1,-1,-1
302,1255,111.63,27.44,232.76,440.35,1,-1,-1,-1
303,1334,375.88,155.19,55.53,154.25,1,-1,-1,-1
303,1329,12.56,151.50,48.94,161.94,1,-1,-1,-1
303,1320,456.49,160.77,65.75,169.71,1,-1,-1,-1
303,1313,502.75,-10.55,145.04,461.27,1,-1,-1,-1
303,1255,122.61,60.00,225.22,420.72,1,-1,-1,-1
304,1334,380.70,149.38,53.12,152.96,1,-1,-1,-1
304,1320,459.37,160.58,65.16,174.30,1,-1,-1,-1
304,1313,514.59,-1.54,135.01,441.87,1,-1,-1,-1
304,1255,110.90,73.13,211.84,404.29,1,-1,-1,-1
305,1337,343.17,189.94,36.17,123.06,1,-1,-1,-1
305,1336,0.43,88.09,99.17,291.72,1,-1,-1,-1
305,1334,385.23,151.22,50.60,154.19,1,-1,-1,-1
305,1320,462.85,162.91,66.56,173.22,1,-1,-1,-1
305,1313,514.07,6.90,128.61,417.77,1,-1,-1,-1
305,1255,62.37,59.53,219.11,403.53,1,-1,-1,-1
306,1339,307.16,164.39,47.66,159.61,1,-1,-1,-1
306,1337,348.78,190.30,37.68,127.55,1,-1,-1,-1
306,1334,388.54,151.65,50.87,158.26,1,-1,-1,-1
306,1320,465.91,165.16,63.75,173.89,1,-1,-1,-1
306,1313,509.81,57.72,122.81,371.39,1,-1,-1,-1
306,1255,26.87,59.93,223.96,397.77,1,-1,-1,-1
307,1339,304.63,159.60,47.09,158.15,1,-1,-1,-1
307,1337,351.48,187.20,38.33,130.90,1,-1,-1,-1
307,1334,389.70,155.65,49.08,153.35,1,-1,-1,-1
307,1320,473.52,163.26,61.36,174.38,1,-1,-1,-1
307,1313,500.91,95.80,127.62,324.26,1,-1,-1,-1
307,1255,32.66,42.35,232.20,403.11,1,-1,-1,-1
308,1341,254.40,152.91,44.98,138.00,1,-1,-1,-1
308,1339,309.57,159.74,47.56,158.59,1,-1,-1,-1
308,1337,356.62,182.19,36.98,130.50,1,-1,-1,-1
308,1334,393.49,155.56,48.05,148.38,1,-1,-1,-1
308,1313,495.52,103.69,129.42,305.88,1,-1,-1,-1
308,1255,87.94,49.75,204.70,396.01,1,-1,-1,-1
309,1339,311.40,151.22,50.45,169.99,1,-1,-1,-1
309,1337,362.54,180.48,35.93,128.82,1,-1,-1,-1
309,1334,402.42,166.35,47.76,141.52,1,-1,-1,-1
309,1313,491.37,109.19,132.02,296.03,1,-1,-1,-1
309,1255,97.77,52.12,196.31,385.73,1,-1,-1,-1
310,1339,309.32,151.45,55.94,176.06,1,-1,-1,-1
310,1337,364.69,182.49,38.71,133.77,1,-1,-1,-1
310,1334,400.39,165.12,48.39,145.07,1,-1,-1,-1
310,1313,490.98,114.56,128.85,289.12,1,-1,-1,-1
310,1255,111.28,59.52,183.37,392.64,1,-1,-1,-1
311,1339,310.86,159.73,56.26,173.07,1,-1,-1,-1
311,1337,365.93,185.44,40.89,136.91,1,-1,-1,-1
311,1334,402.67,170.00,48.05,145.86,1,-1,-1,-1
311,1313,491.89,122.14,128.91,292.95,1,-1,-1,-1
311,1255,120.48,56.44,173.75,393.01,1,-1,-1,-1
312,1346,454.61,168.35,42.15,135.44,1,-1,-1,-1
312,1339,312.17,156.91,58.64,180.73,1,-1,-1,-1
312,1337,368.75,185.52,42.88,139.53,1,-1,-1,-1
312,1334,404.96,169.08,48.12,153.58,1,-1,-1,-1
312,1313,489.44,117.88,128.43,300.33,1,-1,-1,-1
312,1255,117.65,60.17,172.60,391.92,1,-1,-1,-1
313,1348,-6.95,45.27,111.89,378.03,1,-1,-1,-1
313,1346,444.99,166.22,40.19,130.57,1,-1,-1,-1
313,1339,314.07,158.06,57.41,180.69,1,-1,-1,-1
313,1337,371.03,185.54,43.29,142.03,1,-1,-1,-1
313,1334,403.91,165.83,47.33,152.85,1,-1,-1,-1
313,1313,487.39,118.41,131.59,315.10,1,-1,-1,-1
313,1255,115.51,59.82,172.34,392.67,1,-1,-1,-1
314,1348,4.78,27.56,114.46,395.80,1,-1,-1,-1
314,1346,439.24,164.33,40.81,133.19,1,-1,-1,-1
314,1339,313.06,154.38,58.88,184.45,1,-1,-1,-1
314,1337,368.31,183.03,43.12,143.45,1,-1,-1,-1
314,1334,404.46,162.41,48.19,153.52,1,-1,-1,-1
314,1313,483.91,109.78,134.59,328.49,1,-1,-1,-1
314,1255,100.48,73.00,180.07,390.20,1,-1,-1,-1
315,1339,316.84,158.13,57.85,182.01,1,-1,-1,-1
315,1337,370.12,185.64,42.30,144.27,1,-1,-1,-1
315,1334,409.67,159.66,51.03,158.62,1,-1,-1,-1
315,1313,483.81,107.44,137.31,344.17,1,-1,-1,-1
315,1255,101.30,63.59,189.32,396.01,1,-1,-1,-1
316,1339,323.56,152.46,58.53,183.65,1,-1,-1,-1
316,1337,375.23,189.05,42.39,144.92,1,-1,-1,-1
316,1313,487.68,86.37,140.38,365.26,1,-1,-1,-1
316,1255,95.49,64.53,195.97,395.90,1,-1,-1,-1
317,1339,327.82,153.02,61.33,191.28,1,-1,-1,-1
317,1337,389.73,185.78,45.67,149.22,1,-1,-1,-1
317,1313,494.58,67.01,140.13,387.40,1,-1,-1,-1
317,1255,114.72,55.15,185.84,402.94,1,-1,-1,-1
318,1353,37.31,156.17,48.83,152.44,1,-1,-1,-1
318,1339,331.18,150.94,64.48,197.86,1,-1,-1,-1
318,1337,398.92,183.01,47.15,153.51,1,-1,-1,-1
318,1313,499.04,53.67,137.61,393.95,1,-1,-1,-1
318,1255,112.90,51.88,190.51,406.23,1,-1,-1,-1
319,1353,41.24,157.55,49.14,157.19,1,-1,-1,-1
319,1339,333.98,149.49,70.96,198.95,1,-1,-1,-1
319,1337,411.76,181.68,46.61,151.49,1,-1,-1,-1
319,1334,442.82,164.52,49.06,160.99,1,-1,-1,-1
319,1313,510.83,35.17,132.85,413.69,1,-1,-1,-1
319,1255,113.75,54.35,192.16,408.03,1,-1,-1,-1
320,1353,45.19,151.76,52.77,164.09,1,-1,-1,-1
320,1339,343.79,140.38,72.94,204.69,1,-1,-1,-1
320,1334,437.81,171.14,50.87,161.36,1,-1,-1,-1
320,1313,512.76,27.34,130.94,418.42,1,-1,-1,-1
320,1255,121.71,76.03,201.81,390.72,1,-1,-1,-1
321,1353,54.46,145.26,51.34,164.28,1,-1,-1,-1
321,1339,356.42,132.38,73.44,212.00,1,-1,-1,-1
321,1334,454.09,171.38,52.49,161.32,1,-1,-1,-1
321,1313,526.63,16.92,122.00,380.92,1,-1,-1,-1
321,1255,136.18,63.64,199.97,397.72,1,-1,-1,-1
322,1353,62.01,134.16,52.82,167.62,1,-1,-1,-1
322,1339,376.26,125.09,71.22,219.04,1,-1,-1,-1
322,1334,469.38,167.29,59.02,156.75,1,-1,-1,-1
322,1255,165.28,48.21,184.56,409.54,1,-1,-1,-1
323,1353,74.79,130.31,56.96,175.65,1,-1,-1,-1
323,1339,400.25,111.20,68.15,216.07,1,-1,-1,-1
323,1334,484.62,163.88,57.06,159.70,1,-1,-1,-1
323,1255,183.17,46.03,184.00,418.54,1,-1,-1,-1
324,1356,154.30,105.93,61.42,218.95,1,-1,-1,-1
324,1353,81.04,127.94,57.89,181.16,1,-1,-1,-1
324,1339,413.55,105.18,69.81,228.52,1,-1,-1,-1
324,1334,504.70,153.51,60.51,168.11,1,-1,-1,-1
324,1255,198.11,45.80,181.12,423.77,1,-1,-1,-1
325,1358,369.75,140.12,60.69,188.29,1,-1,-1,-1
325,1356,142.59,90.62,68.56,238.26,1,-1,-1,-1
325,1353,84.46,123.73,56.08,173.98,1,-1,-1,-1
325,1339,423.17,107.42,71.52,229.70,1,-1,-1,-1
325,1334,516.19,150.65,64.92,177.95,1,-1,-1,-1
325,1255,204.80,33.37,180.36,422.55,1,-1,-1,-1
326,1358,377.35,142.50,59.12,189.95,1,-1,-1,-1
326,1356,130.29,88.67,71.18,246.66,1,-1,-1,-1
326,1353,81.29,127.72,57.11,169.95,1,-1,-1,-1
326,1339,425.69,102.57,76.72,239.69,1,-1,-1,-1
326,1334,523.61,130.97,74.31,197.19,1,-1,-1,-1
326,1255,211.04,29.87,180.62,421.71,1,-1,-1,-1
327,1358,384.77,139.29,52.23,178.34,1,-1,-1,-1
327,1356,118.97,86.71,74.46,257.86,1,-1,-1,-1
327,1353,77.53,124.10,57.71,172.34,1,-1,-1,-1
327,1339,439.32,100.89,74.01,244.10,1,-1,-1,-1
327,1334,536.16,123.47,82.07,201.59,1,-1,-1,-1
327,1255,221.43,20.62,181.87,428.49,1,-1,-1,-1
328,1358,390.10,138.60,55.19,190.50,1,-1,-1,-1
328,1356,91.98,71.23,87.39,277.38,1,-1,-1,-1
328,1339,446.92,99.85,83.10,244.29,1,-1,-1,-1
328,1334,551.63,123.63,82.42,206.12,1,-1,-1,-1
328,1255,215.57,16.80,188.57,429.91,1,-1,-1,-1
329,1358,397.10,132.59,56.70,185.43,1,-1,-1,-1
329,1356,72.55,65.24,92.36,286.40,1,-1,-1,-1
329,1339,441.27,101.51,87.97,244.42,1,-1,-1,-1
329,1334,554.77,119.70,85.22,211.12,1,-1,-1,-1
329,1255,214.67,21.06,192.34,434.96,1,-1,-1,-1
330,1358,396.68,139.91,59.90,181.02,1,-1,-1,-1
330,1356,57.71,65.12,92.81,298.21,1,-1,-1,-1
330,1339,437.80,108.01,91.63,244.73,1,-1,-1,-1
330,1334,556.71,122.83,86.27,214.79,1,-1,-1,-1
330,1255,221.77,43.30,195.81,424.50,1,-1,-1,-1
331,1368,521.34,126.98,33.79,120.45,1,-1,-1,-1
331,1358,403.40,139.16,56.38,177.63,1,-1,-1,-1
331,1356,42.05,57.98,94.94,312.02,1,-1,-1,-1
331,1339,444.82,109.77,90.04,247.98,1,-1,-1,-1
331,1334,559.96,114.83,84.74,222.76,1,-1,-1,-1
331,1255,234.62,36.18,192.76,432.63,1,-1,-1,-1
332,1358,415.77,127.06,52.61,143.80,1,-1,-1,-1
332,1356,16.96,45.73,102.07,322.89,1,-1,-1,-1
332,1339,455.13,98.78,85.92,250.30,1,-1,-1,-1
332,1334,559.88,102.45,83.34,227.69,1,-1,-1,-1
332,1255,243.69,30.50,193.08,435.23,1,-1,-1,-1
333,1358,418.16,140.15,52.23,153.22,1,-1,-1,-1
333,1356,1.76,35.36,105.47,331.88,1,-1,-1,-1
333,1339,456.88,95.58,89.32,256.60,1,-1,-1,-1
333,1334,566.57,102.06,76.36,228.40,1,-1,-1,-1
333,1255,241.51,36.46,196.37,427.11,1,-1,-1,-1
334,1358,425.96,147.26,53.79,167.21,1,-1,-1,-1
334,1356,-3.26,36.05,98.20,328.16,1,-1,-1,-1
334,1339,463.34,90.06,91.07,263.18,1,-1,-1,-1
334,1334,571.69,102.24,70.81,229.17,1,-1,-1,-1
334,1255,237.59,21.65,196.34,431.70,1,-1,-1,-1
335,1358,424.12,148.67,58.17,176.86,1,-1,-1,-1
335,1356,-10.57,39.94,87.45,320.13,1,-1,-1,-1
335,1339,454.87,93.09,97.60,267.07,1,-1,-1,-1
335,1334,572.27,98.13,70.52,232.65,1,-1,-1,-1
335,1255,235.24,30.11,197.72,436.43,1,-1,-1,-1
336,1358,426.78,140.79,59.26,187.60,1,-1,-1,-1
336,1339,455.25,81.49,102.01,271.83,1,-1,-1,-1
336,1334,571.21,97.36,71.34,236.06,1,-1,-1,-1
336,1255,238.02,25.98,194.25,435.93,1,-1,-1,-1
337,1358,425.54,138.33,65.57,200.22,1,-1,-1,-1
337,1339,453.92,81.55,109.95,277.40,1,-1,-1,-1
337,1334,579.45,90.66,64.07,233.01,1,-1,-1,-1
337,1255,236.31,18.70,192.01,442.77,1,-1,-1,-1
338,1372,19.96,129.85,59.93,163.86,1,-1,-1,-1
338,1358,435.72,130.81,63.85,208.61,1,-1,-1,-1
338,1339,465.26,72.58,112.37,282.69,1,-1,-1,-1
338,1334,589.38,87.73,57.38,227.33,1,-1,-1,-1
338,1255,232.38,30.31,193.84,439.55,1,-1,-1,-1
339,1372,20.89,130.40,59.00,160.75,1,-1,-1,-1
339,1339,459.19,78.81,119.18,282.65,1,-1,-1,-1
339,1334,591.12,89.95,54.88,212.48,1,-1,-1,-1
339,1255,233.82,25.85,193.73,437.19,1,-1,-1,-1
340,1372,15.34,125.66,64.78,166.37,1,-1,-1,-1
340,1339,468.72,82.03,122.84,286.97,1,-1,-1,-1
340,1334,596.65,97.76,50.07,207.67,1,-1,-1,-1
340,1255,236.95,11.14,195.28,440.68,1,-1,-1,-1
341,1372,23.89,126.30,69.02,170.49,1,-1,-1,-1
341,1339,483.11,75.88,124.65,293.13,1,-1,-1,-1
341,1255,233.86,13.41,201.46,441.11,1,-1,-1,-1
342,1372,25.76,128.64,70.97,172.48,1,-1,-1,-1
342,1358,437.21,109.89,59.27,218.08,1,-1,-1,-1
342,1339,496.99,72.51,127.94,299.76,1,-1,-1,-1
342,1255,235.15,7.62,201.11,445.95,1,-1,-1,-1
343,1372,37.72,129.33,67.56,173.84,1,-1,-1,-1
343,1358,442.76,105.63,57.44,212.73,1,-1,-1,-1
343,1339,523.51,62.19,118.99,305.62,1,-1,-1,-1
343,1255,249.92,3.64,197.52,447.84,1,-1,-1,-1
344,1376,217.73,178.57,35.89,87.17,1,-1,-1,-1
344,1372,46.38,130.67,62.94,170.83,1,-1,-1,-1
344,1358,452.18,98.98,55.97,204.55,1,-1,-1,-1
344,1339,537.59,60.99,111.64,311.54,1,-1,-1,-1
344,1255,259.30,4.30,196.02,445.56,1,-1,-1,-1
345,1378,532.66,120.61,54.94,143.03,1,-1,-1,-1
345,1377,5.20,115.29,53.36,177.15,1,-1,-1,-1
345,1376,212.77,171.64,38.23,94.16,1,-1,-1,-1
345,1372,52.59,132.59,61.28,170.75,1,-1,-1,-1
345,1358,455.82,97.08,56.07,207.38,1,-1,-1,-1
345,1339,530.12,73.06,113.05,316.46,1,-1,-1,-1
345,1255,273.77,9.93,198.05,443.66,1,-1,-1,-1
346,1378,552.42,114.17,52.96,133.71,1,-1,-1,-1
346,1377,9.38,124.13,63.33,183.06,1,-1,-1,-1
346,1376,210.74,171.98,45.43,103.33,1,-1,-1,-1
346,1372,62.51,128.02,61.52,175.74,1,-1,-1,-1
346,1358,460.29,92.97,59.47,206.94,1,-1,-1,-1
346,1339,531.51,85.09,106.16,307.54,1,-1,-1,-1
346,1255,295.31,10.98,201.41,445.82,1,-1,-1,-1
347,1378,572.22,116.56,56.13,126.34,1,-1,-1,-1
347,1377,22.69,131.85,61.62,177.53,1,-1,-1,-1
347,1376,210.97,173.16,52.22,105.49,1,-1,-1,-1
347,1372,79.49,130.87,56.97,171.07,1,-1,-1,-1
347,1339,550.66,131.73,96.38,280.16,1,-1,-1,-1
347,1255,308.61,8.51,212.14,427.69,1,-1,-1,-1
348,1378,585.48,116.11,48.11,118.60,1,-1,-1,-1
348,1377,35.07,127.94,60.51,169.39,1,-1,-1,-1
348,1376,210.52,172.39,51.29,104.14,1,-1,-1,-1
348,1372,90.24,132.47,56.53,171.84,1,-1,-1,-1
348,1339,565.05,117.53,86.51,280.10,1,-1,-1,-1
348,1255,322.46,10.65,212.24,436.05,1,-1,-1,-1
349,1377,44.24,126.65,59.53,169.48,1,-1,-1,-1
349,1376,204.98,170.05,51.11,106.93,1,-1,-1,-1
349,1372,100.92,134.86,56.34,165.65,1,-1,-1,-1
349,1255,326.45,6.12,215.93,439.22,1,-1,-1,-1
350,1377,49.68,129.79,63.97,175.62,1,-1,-1,-1
350,1376,201.62,171.10,49.81,105.70,1,-1,-1,-1
350,1372,111.86,137.96,54.28,163.83,1,-1,-1,-1
350,1255,338.73,6.29,215.40,445.76,1,-1,-1,-1
351,1377,52.40,123.18,66.90,176.22,1,-1,-1,-1
351,1376,196.69,173.34,46.89,105.24,1,-1,-1,-1
351,1372,123.38,134.35,49.85,161.61,1,-1,-1,-1
351,1255,339.40,7.64,214.15,453.70,1,-1,-1,-1
352,1382,509.99,61.05,101.86,359.56,1,-1,-1,-1
352,1377,62.76,125.21,69.97,172.77,1,-1,-1,-1
352,1376,196.68,172.65,45.16,105.99,1,-1,-1,-1
352,1372,127.56,131.93,49.40,164.68,1,-1,-1,-1
352,1255,343.85,7.64,215.13,455.72,1,-1,-1,-1
353,1382,516.83,44.35,111.75,379.57,1,-1,-1,-1
353,1377,75.19,132.33,70.97,167.62,1,-1,-1,-1
353,1376,198.13,166.46,44.40,106.27,1,-1,-1,-1
353,1372,144.35,126.92,47.89,163.78,1,-1,-1,-1
353,1255,350.28,4.11,214.70,454.51,1,-1,-1,-1
354,1382,519.04,36.81,118.88,397.13,1,-1,-1,-1
354,1377,83.11,130.69,66.82,166.80,1,-1,-1,-1
354,1376,194.93,163.49,44.16,111.27,1,-1,-1,-1
354,1372,151.48,126.07,48.43,164.82,1,-1,-1,-1
354,1255,349.17,3.67,214.68,457.94,1,-1,-1,-1
355,1385,-5.34,99.61,78.82,244.93,1,-1,-1,-1
355,1382,532.62,28.86,114.50,409.30,1,-1,-1,-1
355,1377,101.56,135.59,64.84,168.07,1,-1,-1,-1
355,1372,164.15,132.30,55.16,167.36,1,-1,-1,-1
355,1255,342.74,9.98,219.42,456.22,1,-1,-1,-1
356,1385,-5.25,76.89,81.54,280.83,1,-1,-1,-1
356,1382,539.40,29.24,110.15,417.65,1,-1,-1,-1
356,1377,113.94,134.84,62.11,168.71,1,-1,-1,-1
356,1372,170.87,131.85,55.16,165.19,1,-1,-1,-1
356,1255,357.16,16.50,222.83,453.56,1,-1,-1,-1
357,1385,-1.64,44.66,92.93,327.60,1,-1,-1,-1
357,1382,545.64,27.26,104.04,405.23,1,-1,-1,-1
357,1377,121.27,123.87,63.09,175.55,1,-1,-1,-1
357,1372,176.33,131.17,55.69,167.78,1,-1,-1,-1
357,1255,340.19,12.10,227.89,450.32,1,-1,-1,-1
358,1386,543.02,36.55,76.15,138.13,1,-1,-1,-1
358,1385,-1.05,39.39,96.52,339.78,1,-1,-1,-1
358,1382,538.45,21.18,105.28,402.74,1,-1,-1,-1
358,1377,123.72,130.10,61.84,171.74,1,-1,-1,-1
358,1372,183.02,132.32,56.22,168.79,1,-1,-1,-1
358,1255,333.24,6.92,227.16,454.51,1,-1,-1,-1
359,1386,541.53,43.57,76.68,145.68,1,-1,-1,-1
359,1385,-2.06,56.44,96.61,344.55,1,-1,-1,-1
359,1382,540.14,39.93,101.12,403.97,1,-1,-1,-1
359,1377,127.84,145.99,61.24,166.62,1,-1,-1,-1
359,1372,183.88,145.04,55.15,169.02,1,-1,-1,-1
359,1255,334.20,6.67,228.29,455.08,1,-1,-1,-1
360,1386,547.73,44.04,78.41,153.17,1,-1,-1,-1
360,1385,-0.36,65.87,100.68,349.31,1,-1,-1,-1
360,1382,533.97,37.88,103.49,411.65,1,-1,-1,-1
360,1377,130.96,160.22,60.03,161.14,1,-1,-1,-1
360,1372,188.95,154.54,52.85,167.72,1,-1,-1,-1
360,1255,333.39,17.86,233.87,452.00,1,-1,-1,-1
361,1385,-3.09,64.11,96.60,345.91,1,-1,-1,-1
361,1382,534.91,25.81,103.18,419.13,1,-1,-1,-1
361,1377,130.32,162.76,59.78,158.20,1,-1,-1,-1
361,1372,188.32,155.25,51.56,167.81,1,-1,-1,-1
361,1255,335.70,14.78,230.28,451.24,1,-1,-1,-1
362,1385,-2.32,61.86,96.77,343.56,1,-1,-1,-1
362,1382,530.25,21.35,108.25,431.00,1,-1,-1,-1
362,1377,127.52,160.26,58.32,156.57,1,-1,-1,-1
362,1372,185.17,152.69,53.08,171.26,1,-1,-1,-1
362,1255,336.56,17.45,234.28,448.26,1,-1,-1,-1
363,1385,0.46,60.03,101.73,347.38,1,-1,-1,-1
363,1382,529.54,18.36,108.39,437.96,1,-1,-1,-1
363,1377,135.66,153.91,54.44,158.16,1,-1,-1,-1
363,1372,184.45,158.85,53.84,166.00,1,-1,-1,-1
363,1255,334.82,11.75,234.03,448.59,1,-1,-1,-1
364,1385,1.78,58.32,107.27,353.99,1,-1,-1,-1
364,1382,531.40,1.14,107.74,408.43,1,-1,-1,-1
364,1377,147.73,160.53,49.47,158.42,1,-1,-1,-1
364,1372,188.87,164.24,53.59,160.96,1,-1,-1,-1
364,1255,360.34,7.63,223.83,452.70,1,-1,-1,-1
365,1385,5.14,60.31,114.71,344.89,1,-1,-1,-1
365,1382,535.24,-5.25,106.39,380.47,1,-1,-1,-1
365,1377,148.06,166.00,50.64,163.81,1,-1,-1,-1
365,1372,195.13,166.59,53.40,165.87,1,-1,-1,-1
365,1255,360.27,11.61,226.03,454.95,1,-1,-1,-1
366,1385,1.28,48.93,113.79,334.49,1,-1,-1,-1
366,1382,552.10,-0.51,95.79,357.41,1,-1,-1,-1
366,1377,141.80,161.93,53.41,159.41,1,-1,-1,-1
366,1372,195.81,158.34,56.71,167.07,1,-1,-1,-1
366,1255,358.18,13.38,223.18,451.57,1,-1,-1,-1
367,1385,2.26,45.36,112.52,317.22,1,-1,-1,-1
367,1377,142.11,153.42,54.04,156.77,1,-1,-1,-1
367,1372,200.51,146.00,54.46,171.55,1,-1,-1,-1
367,1255,361.83,11.17,224.10,455.22,1,-1,-1,-1
368,1385,2.84,52.09,116.26,316.27,1,-1,-1,-1
368,1377,150.88,153.34,55.76,157.72,1,-1,-1,-1
368,1372,214.09,147.08,54.88,164.89,1,-1,-1,-1
368,1255,367.24,9.71,219.77,453.07,1,-1,-1,-1
369,1385,4.81,61.27,119.84,317.96,1,-1,-1,-1
369,1377,168.61,154.89,55.27,160.06,1,-1,-1,-1
369,1372,225.12,153.09,53.23,163.95,1,-1,-1,-1
369,1255,383.94,17.66,210.93,453.26,1,-1,-1,-1
370,1385,2.57,72.81,123.17,321.77,1,-1,-1,-1
370,1377,179.61,158.90,52.72,159.47,1,-1,-1,-1
370,1372,229.83,158.18,55.96,159.96,1,-1,-1,-1
370,1255,391.47,12.48,209.93,457.85,1,-1,-1,-1
371,1385,4.76,73.97,128.96,324.99,1,-1,-1,-1
371,1377,185.43,158.17,51.96,162.34,1,-1,-1,-1
371,1372,232.96,156.19,55.17,164.52,1,-1,-1,-1
371,1255,398.25,13.49,208.01,455.18,1,-1,-1,-1
372,1385,7.44,63.12,133.48,323.83,1,-1,-1,-1
372,1377,195.25,154.43,51.48,164.79,1,-1,-1,-1
372,1372,245.39,157.90,53.75,163.03,1,-1,-1,-1
372,1255,401.38,17.85,214.87,443.86,1,-1,-1,-1
373,1385,10.03,66.36,137.81,325.98,1,-1,-1,-1
373,1377,203.32,158.45,50.96,164.72,1,-1,-1,-1
373,1372,251.54,158.43,51.98,162.94,1,-1,-1,-1
373,1255,412.48,19.78,217.73,437.10,1,-1,-1,-1
374,1385,16.32,65.18,139.46,323.71,1,-1,-1,-1
374,1377,208.14,162.94,54.05,155.55,1,-1,-1,-1
374,1372,262.17,153.40,50.82,169.23,1,-1,-1,-1
374,1255,416.66,25.20,219.81,436.00,1,-1,-1,-1
375,1385,16.91,74.88,143.84,321.93,1,-1,-1,-1
375,1377,214.49,164.81,54.05,153.59,1,-1,-1,-1
375,1372,272.16,155.80,49.24,167.19,1,-1,-1,-1
375,1255,421.42,16.64,217.99,446.31,1,-1,-1,-1
376,1385,28.71,72.94,139.74,323.74,1,-1,-1,-1
376,1377,223.55,166.88,53.38,151.76,1,-1,-1,-1
376,1372,275.59,157.96,49.65,164.24,1,-1,-1,-1
376,1255,427.33,21.80,211.72,449.26,1,-1,-1,-1
377,1385,32.28,73.23,142.44,326.80,1,-1,-1,-1
377,1377,229.76,167.32,49.90,150.05,1,-1,-1,-1
377,1372,282.14,159.77,47.53,157.80,1,-1,-1,-1
377,1255,430.06,34.77,204.48,445.00,1,-1,-1,-1
378,1391,-4.07,130.13,62.29,254.38,1,-1,-1,-1
378,1385,35.63,68.26,142.41,326.71,1,-1,-1,-1
378,1377,237.61,158.99,49.07,151.34,1,-1,-1,-1
378,1372,284.96,159.65,46.53,157.94,1,-1,-1,-1
378,1255,433.85,83.39,178.40,422.85,1,-1,-1,-1
379,1391,-2.61,150.43,52.67,211.59,1,-1,-1,-1
379,1385,43.56,62.18,138.61,327.33,1,-1,-1,-1
379,1377,236.64,160.75,48.74,152.17,1,-1,-1,-1
379,1372,289.34,158.58,48.87,157.49,1,-1,-1,-1
379,1255,458.92,91.12,159.62,410.95,1,-1,-1,-1
380,1392,444.83,193.12,41.85,96.54,1,-1,-1,-1
380,1385,40.79,62.30,137.14,329.98,1,-1,-1,-1
380,1377,234.14,162.13,49.12,149.81,1,-1,-1,-1
380,1372,295.44,161.35,48.85,155.78,1,-1,-1,-1
380,1255,484.70,111.12,149.46,389.61,1,-1,-1,-1
381,1392,442.42,198.56,41.25,90.79,1,-1,-1,-1
381,1385,38.59,64.71,137.83,334.23,1,-1,-1,-1
381,1377,233.33,165.42,51.30,147.74,1,-1,-1,-1
381,1372,296.72,163.34,50.65,158.20,1,-1,-1,-1
381,1255,508.29,118.68,136.34,376.47,1,-1,-1,-1
382,1394,520.14,156.73,57.11,178.71,1,-1,-1,-1
382,1392,440.85,196.63,43.02,87.29,1,-1,-1,-1
382,1385,38.60,72.20,136.76,333.82,1,-1,-1,-1
382,1377,236.12,166.60,55.64,147.39,1,-1,-1,-1
382,1372,296.20,157.36,49.63,161.84,1,-1,-1,-1
382,1255,536.32,139.33,119.08,358.47,1,-1,-1,-1
383,1394,521.05,161.66,56.49,179.04,1,-1,-1,-1
383,1392,441.85,198.80,42.47,82.08,1,-1,-1,-1
383,1385,27.33,74.36,137.52,333.64,1,-1,-1,-1
383,1377,238.71,170.65,54.49,148.62,1,-1,-1,-1
383,1372,296.75,160.86,48.69,160.60,1,-1,-1,-1
384,1394,519.72,154.29,63.16,186.44,1,-1,-1,-1
384,1392,437.69,199.90,39.70,79.00,1,-1,-1,-1
384,1385,9.42,71.39,136.29,333.00,1,-1,-1,-1
384,1377,238.07,167.78,54.49,149.98,1,-1,-1,-1
384,1372,289.96,162.74,51.52,160.02,1,-1,-1,-1
385,1394,520.58,148.26,63.27,186.50,1,-1,-1,-1
385,1392,435.93,200.13,38.53,77.23,1,-1,-1,-1
385,1385,2.17,64.60,135.06,337.27,1,-1,-1,-1
385,1377,238.24,167.37,54.09,147.05,1,-1,-1,-1
385,1372,291.12,161.03,52.13,161.06,1,-1,-1,-1
386,1394,524.18,143.51,64.28,194.00,1,-1,-1,-1
386,1392,431.51,200.72,39.96,77.22,1,-1,-1,-1
386,1385,-1.89,67.47,132.28,342.22,1,-1,-1,-1
386,1377,240.38,165.49,51.76,145.99,1,-1,-1,-1
386,1372,294.70,152.75,48.95,164.91,1,-1,-1,-1
387,1394,524.27,142.23,66.76,201.72,1,-1,-1,-1
387,1392,423.49,195.99,42.68,78.80,1,-1,-1,-1
387,1385,-7.20,63.63,124.97,346.20,1,-1,-1,-1
387,1377,236.83,163.13,52.93,147.81,1,-1,-1,-1
387,1372,293.35,151.35,49.95,167.58,1,-1,-1,-1
388,1394,519.41,135.88,75.76,220.19,1,-1,-1,-1
388,1392,422.07,196.92,40.71,78.14,1,-1,-1,-1
388,1385,-7.44,61.74,120.33,351.30,1,-1,-1,-1
388,1377,234.44,163.51,52.33,146.73,1,-1,-1,-1
388,1372,290.36,154.93,47.38,163.96,1,-1,-1,-1
389,1394,524.53,134.17,77.89,228.91,1,-1,-1,-1
389,1392,412.39,199.62,41.88,77.46,1,-1,-1,-1
389,1385,-7.00,59.81,116.27,352.12,1,-1,-1,-1
389,1377,231.24,170.92,52.28,147.06,1,-1,-1,-1
389,1372,289.05,164.71,45.36,163.26,1,-1,-1,-1
390,1394,522.07,125.43,82.94,248.32,1,-1,-1,-1
390,1392,403.54,199.66,40.24,77.04,1,-1,-1,-1
390,1385,-7.74,62.03,110.71,348.07,1,-1,-1,-1
390,1377,225.43,171.81,53.27,146.36,1,-1,-1,-1
390,1372,281.73,167.56,46.92,159.40,1,-1,-1,-1
391,1394,518.23,111.66,88.65,261.94,1,-1,-1,-1
391,1392,393.67,193.75,39.28,78.99,1,-1,-1,-1
391,1385,-12.74,66.72,97.94,349.62,1,-1,-1,-1
391,1377,221.19,168.04,51.17,146.23,1,-1,-1,-1
391,1372,273.39,164.95,47.62,158.35,1,-1,-1,-1
392,1394,512.94,102.24,93.23,274.63,1,-1,-1,-1
392,1392,388.05,195.83,38.41,78.55,1,-1,-1,-1
392,1385,-12.61,78.84,88.16,346.25,1,-1,-1,-1
392,1377,216.69,166.53,49.74,149.61,1,-1,-1,-1
392,1372,265.58,164.34,47.61,163.37,1,-1,-1,-1
393,1394,512.67,103.94,99.39,296.91,1,-1,-1,-1
393,1392,380.75,200.50,37.90,79.19,1,-1,-1,-1
393,1385,-11.68,74.62,79.80,352.67,1,-1,-1,-1
393,1377,211.65,166.47,49.53,150.66,1,-1,-1,-1
393,1372,264.13,165.82,48.40,162.71,1,-1,-1,-1
394,1394,509.40,96.45,106.73,318.13,1,-1,-1,-1
394,1392,382.97,198.47,36.64,78.91,1,-1,-1,-1
394,1385,-10.20,55.32,76.30,308.76,1,-1,-1,-1
394,1377,212.29,171.05,49.05,151.39,1,-1,-1,-1
394,1372,263.46,161.54,50.04,163.92,1,-1,-1,-1
395,1394,508.86,86.77,114.25,335.43,1,-1,-1,-1
395,1392,379.10,200.07,35.54,77.50,1,-1,-1,-1
395,1377,205.63,169.85,49.17,148.34,1,-1,-1,-1
395,1372,258.06,159.25,48.85,163.80,1,-1,-1,-1
396,1394,503.44,86.21,125.00,355.56,1,-1,-1,-1
396,1392,374.39,202.40,35.96,76.69,1,-1,-1,-1
396,1377,202.99,170.19,50.41,146.51,1,-1,-1,-1
396,1372,255.15,158.08,50.74,162.60,1,-1,-1,-1
397,1394,503.85,78.92,130.33,378.36,1,-1,-1,-1
397,1392,368.30,202.31,34.41,76.54,1,-1,-1,-1
397,1377,204.60,173.18,51.46,146.49,1,-1,-1,-1
397,1372,252.23,162.12,51.34,158.89,1,-1,-1,-1
398,1394,512.88,70.99,128.87,394.75,1,-1,-1,-1
398,1392,363.48,199.70,34.63,77.04,1,-1,-1,-1
398,1377,200.90,179.07,50.57,145.82,1,-1,-1,-1
398,1372,251.64,165.23,50.18,158.26,1,-1,-1,-1
399,1394,524.07,59.85,123.00,409.17,1,-1,-1,-1
399,1392,365.30,198.74,35.07,76.50,1,-1,-1,-1
399,1377,205.15,174.94,48.16,144.80,1,-1,-1,-1
399,1372,250.25,162.82,48.70,161.38,1,-1,-1,-1
400,1394,532.79,53.33,116.39,419.64,1,-1,-1,-1
400,1392,362.08,198.45,36.40,78.31,1,-1,-1,-1
400,1377,204.12,168.47,48.87,147.63,1,-1,-1,-1
400,1372,248.45,157.36,49.79,162.92,1,-1,-1,-1
401,1394,541.76,36.60,108.61,406.62,1,-1,-1,-1
401,1392,355.92,201.19,35.75,75.09,1,-1,-1,-1
401,1377,201.27,170.11,50.37,146.34,1,-1,-1,-1
401,1372,247.47,154.41,48.51,164.75,1,-1,-1,-1
402,1394,551.78,35.27,99.72,417.33,1,-1,-1,-1
402,1392,353.08,197.50,34.63,75.55,1,-1,-1,-1
402,1377,198.94,168.71,51.97,148.14,1,-1,-1,-1
402,1372,248.44,156.04,45.85,162.05,1,-1,-1,-1
403,1377,197.79,169.08,51.36,151.16,1,-1,-1,-1
403,1372,245.94,156.24,45.62,163.85,1,-1,-1,-1
404,1377,198.37,172.49,50.35,149.29,1,-1,-1,-1
404,1372,246.60,160.83,47.27,159.70,1,-1,-1,-1
405,1377,198.07,168.74,50.22,144.98,1,-1,-1,-1
405,1372,248.30,159.24,47.07,162.32,1,-1,-1,-1
406,1392,345.77,199.63,36.42,75.45,1,-1,-1,-1
406,1377,197.56,169.69,49.18,142.36,1,-1,-1,-1
406,1372,251.33,158.80,47.03,161.45,1,-1,-1,-1
407,1392,344.14,198.77,37.81,78.84,1,-1,-1,-1
407,1377,194.76,168.05,49.20,139.14,1,-1,-1,-1
407,1372,252.13,157.72,46.05,159.09,1,-1,-1,-1
408,1392,342.84,196.48,38.92,80.78,1,-1,-1,-1
408,1377,195.94,163.92,47.64,139.80,1,-1,-1,-1
408,1372,255.46,155.80,44.41,156.94,1,-1,-1,-1
409,1392,342.35,190.96,36.60,76.85,1,-1,-1,-1
409,1377,194.83,166.36,46.43,140.31,1,-1,-1,-1
409,1372,254.79,155.11,44.59,154.60,1,-1,-1,-1
410,1392,338.14,188.61,36.96,76.67,1,-1,-1,-1
410,1377,191.44,163.84,46.27,138.30,1,-1,-1,-1
410,1372,252.57,154.02,45.42,153.37,1,-1,-1,-1
411,1392,333.68,187.21,34.91,72.76,1,-1,-1,-1
411,1377,189.40,163.02,47.52,135.50,1,-1,-1,-1
411,1372,245.60,156.07,47.38,152.87,1,-1,-1,-1
412,1392,328.07,191.78,34.87,71.64,1,-1,-1,-1
412,1377,185.97,162.45,47.10,135.79,1,-1,-1,-1
412,1372,240.27,156.84,47.20,151.83,1,-1,-1,-1
413,1377,184.41,160.85,46.62,137.35,1,-1,-1,-1
413,1372,238.45,156.68,47.18,152.82,1,-1,-1,-1
414,1377,181.06,163.50,45.74,139.67,1,-1,-1,-1
414,1372,235.87,158.29,46.03,150.37,1,-1,-1,-1
415,1377,177.25,162.77,46.23,141.38,1,-1,-1,-1
415,1372,228.55,157.91,48.14,149.50,1,-1,-1,-1
416,1392,305.92,194.88,33.35,66.17,1,-1,-1,-1
416,1377,171.60,162.07,46.60,144.25,1,-1,-1,-1
416,1372,222.96,155.16,46.49,152.36,1,-1,-1,-1
417,1401,547.72,99.73,93.91,323.76,1,-1,-1,-1
417,1392,302.86,198.28,32.53,65.40,1,-1,-1,-1
417,1377,167.15,167.54,46.40,143.54,1,-1,-1,-1
417,1372,218.63,163.83,46.05,150.30,1,-1,-1,-1
418,1401,537.64,57.04,103.49,371.07,1,-1,-1,-1
418,1392,300.19,199.22,31.84,67.11,1,-1,-1,-1
418,1377,165.95,164.23,47.36,146.21,1,-1,-1,-1
418,1372,214.64,163.69,47.40,147.47,1,-1,-1,-1
419,1401,530.95,28.90,109.80,402.63,1,-1,-1,-1
419,1392,294.97,196.81,31.74,66.90,1,-1,-1,-1
419,1377,165.75,167.16,47.78,142.42,1,-1,-1,-1
419,1372,216.36,164.56,44.49,146.42,1,-1,-1,-1
420,1401,513.13,13.05,123.49,431.93,1,-1,-1,-1
420,1392,289.29,194.26,33.27,70.67,1,-1,-1,-1
420,1377,163.37,166.85,48.27,140.32,1,-1,-1,-1
420,1372,212.63,162.44,43.92,144.29,1,-1,-1,-1
421,1401,490.44,0.35,141.00,429.68,1,-1,-1,-1
421,1392,281.10,192.31,33.59,71.17,1,-1,-1,-1
421,1377,157.48,167.88,47.93,137.19,1,-1,-1,-1
421,1372,206.20,162.33,45.21,141.77,1,-1,-1,-1
422,1401,479.57,4.54,149.66,425.01,1,-1,-1,-1
422,1392,280.26,196.34,32.59,68.75,1,-1,-1,-1
422,1377,149.59,167.45,48.10,136.47,1,-1,-1,-1
422,1372,206.11,160.78,43.82,140.65,1,-1,-1,-1
423,1401,461.72,8.13,160.85,428.62,1,-1,-1,-1
423,1392,272.15,191.35,31.54,67.90,1,-1,-1,-1
423,1377,148.15,161.00,46.91,140.16,1,-1,-1,-1
423,1372,199.73,155.04,43.83,142.67,1,-1,-1,-1
424,1401,447.25,11.87,178.76,439.96,1,-1,-1,-1
424,1392,266.75,190.16,31.06,65.67,1,-1,-1,-1
424,1377,144.83,162.11,44.63,139.29,1,-1,-1,-1
424,1372,190.45,155.67,43.75,143.87,1,-1,-1,-1
425,1401,432.94,21.00,172.72,427.63,1,-1,-1,-1
425,1392,260.00,191.62,30.53,64.17,1,-1,-1,-1
425,1377,141.16,160.08,42.45,136.58,1,-1,-1,-1
425,1372,187.67,157.02,43.45,142.57,1,-1,-1,-1
426,1401,423.91,22.83,170.51,419.84,1,-1,-1,-1
426,1392,253.34,188.87,30.77,63.07,1,-1,-1,-1
426,1377,135.09,157.64,43.60,135.48,1,-1,-1,-1
426,1372,184.78,155.44,42.81,140.43,1,-1,-1,-1
427,1401,418.15,29.76,163.45,407.38,1,-1,-1,-1
427,1392,247.10,189.01,30.10,62.89,1,-1,-1,-1
427,1377,131.19,159.24,44.03,135.85,1,-1,-1,-1
427,1372,182.01,152.37,41.15,139.13,1,-1,-1,-1
428,1401,404.72,30.71,154.26,399.62,1,-1,-1,-1
428,1392,241.87,186.89,30.59,63.69,1,-1,-1,-1
428,1377,126.03,155.48,45.21,135.81,1,-1,-1,-1
428,1372,176.97,148.20,41.37,139.23,1,-1,-1,-1
429,1401,387.50,30.85,143.69,397.21,1,-1,-1,-1
429,1392,234.95,190.14,29.86,63.15,1,-1,-1,-1
429,1377,120.48,156.89,45.47,134.35,1,-1,-1,-1
429,1372,173.06,149.37,39.83,136.47,1,-1,-1,-1
430,1401,374.10,34.19,137.43,388.72,1,-1,-1,-1
430,1392,230.18,190.27,30.34,63.47,1,-1,-1,-1
430,1377,113.50,156.68,47.87,131.49,1,-1,-1,-1
430,1372,166.49,150.01,41.80,135.93,1,-1,-1,-1
431,1406,479.71,-33.72,146.86,506.39,1,-1,-1,-1
431,1401,367.82,38.54,133.61,383.06,1,-1,-1,-1
431,1392,225.37,190.17,29.67,62.67,1,-1,-1,-1
431,1377,111.59,151.69,48.32,131.06,1,-1,-1,-1
431,1372,161.68,149.47,41.91,135.48,1,-1,-1,-1
432,1406,439.64,-35.01,182.71,537.25,1,-1,-1,-1
432,1401,348.82,41.53,126.64,367.64,1,-1,-1,-1
432,1392,219.06,187.56,30.61,62.94,1,-1,-1,-1
432,1377,107.77,153.49,48.38,130.52,1,-1,-1,-1
432,1372,161.32,154.09,40.56,131.78,1,-1,-1,-1
433,1406,400.46,-29.19,208.09,540.17,1,-1,-1,-1
433,1401,344.34,41.43,123.49,359.09,1,-1,-1,-1
433,1392,216.41,188.58,31.55,64.07,1,-1,-1,-1
433,1377,105.78,150.62,48.56,130.21,1,-1,-1,-1
433,1372,159.93,155.46,39.86,130.54,1,-1,-1,-1
434,1406,347.89,-21.63,223.30,524.93,1,-1,-1,-1
434,1401,323.48,40.11,117.26,352.46,1,-1,-1,-1
434,1392,211.45,185.02,31.24,63.13,1,-1,-1,-1
434,1377,98.34,154.03,49.44,127.50,1,-1,-1,-1
434,1372,154.69,155.58,39.53,131.62,1,-1,-1,-1
435,1406,313.46,-20.13,225.90,512.50,1,-1,-1,-1
435,1392,208.67,185.69,29.46,63.80,1,-1,-1,-1
435,1377,93.76,155.44,50.33,128.09,1,-1,-1,-1
435,1372,152.17,151.02,40.85,133.27,1,-1,-1,-1
436,1406,281.31,-9.78,226.19,505.92,1,-1,-1,-1
436,1392,206.95,185.05,28.49,63.31,1,-1,-1,-1
436,1377,86.42,155.79,49.97,126.87,1,-1,-1,-1
436,1372,149.11,142.56,42.21,135.53,1,-1,-1,-1
437,1406,253.35,-8.09,232.14,503.35,1,-1,-1,-1
437,1392,200.92,181.53,30.09,63.19,1,-1,-1,-1
437,1377,83.21,154.27,49.72,126.03,1,-1,-1,-1
437,1372,146.19,144.35,42.70,136.59,1,-1,-1,-1
438,1406,213.10,-11.24,237.17,501.98,1,-1,-1,-1
438,1392,196.31,178.38,29.33,63.72,1,-1,-1,-1
438,1377,85.54,152.14,45.81,125.89,1,-1,-1,-1
438,1372,145.50,142.25,41.03,135.89,1,-1,-1,-1
439,1406,169.16,-13.37,249.13,504.44,1,-1,-1,-1
439,1377,84.68,151.37,44.25,124.38,1,-1,-1,-1
439,1372,141.97,142.52,42.13,137.39,1,-1,-1,-1
440,1406,107.83,-16.66,273.42,504.10,1,-1,-1,-1
440,1377,83.50,147.12,43.05,119.31,1,-1,-1,-1
441,1413,535.97,54.78,94.73,353.58,1,-1,-1,-1
441,1406,41.52,-12.45,294.25,493.17,1,-1,-1,-1
442,1413,531.34,71.95,96.93,343.67,1,-1,-1,-1
442,1406,-4.49,-13.02,290.74,491.00,1,-1,-1,-1
443,1415,328.07,126.97,54.02,133.27,1,-1,-1,-1
443,1414,267.48,71.30,113.46,289.02,1,-1,-1,-1
443,1413,521.56,66.65,101.88,337.85,1,-1,-1,-1
443,1406,-24.12,-11.85,277.01,488.05,1,-1,-1,-1
444,1414,255.47,70.15,116.02,307.23,1,-1,-1,-1
444,1413,516.01,67.92,106.58,342.83,1,-1,-1,-1
444,1406,-39.97,-10.77,248.31,471.20,1,-1,-1,-1
445,1414,252.49,67.04,115.21,313.35,1,-1,-1,-1
445,1413,503.64,64.97,122.31,346.84,1,-1,-1,-1
445,1406,-48.44,-7.23,214.43,450.33,1,-1,-1,-1
446,1414,249.03,62.91,112.64,317.07,1,-1,-1,-1
446,1413,491.23,61.22,135.23,354.63,1,-1,-1,-1
447,1417,147.91,156.87,43.25,124.34,1,-1,-1,-1
447,1416,194.43,191.30,26.88,62.66,1,-1,-1,-1
447,1414,247.21,61.15,109.84,321.63,1,-1,-1,-1
447,1413,488.10,69.14,138.07,354.91,1,-1,-1,-1
448,1418,337.83,135.65,76.64,204.07,1,-1,-1,-1
448,1417,146.61,155.44,39.86,119.27,1,-1,-1,-1
448,1416,190.13,184.79,29.58,70.19,1,-1,-1,-1
448,1414,239.44,56.64,113.56,326.03,1,-1,-1,-1
448,1413,479.96,73.16,137.04,348.21,1,-1,-1,-1
449,1421,571.39,83.55,63.74,286.01,1,-1,-1,-1
449,1420,106.78,153.89,41.53,119.05,1,-1,-1,-1
449,1418,340.11,144.64,70.77,189.81,1,-1,-1,-1
449,1417,148.78,156.49,37.15,118.13,1,-1,-1,-1
449,1416,194.93,182.16,27.42,69.61,1,-1,-1,-1
449,1414,236.70,60.41,112.35,326.46,1,-1,-1,-1
449,1413,475.44,73.24,130.80,344.28,1,-1,-1,-1
449,1406,-29.62,28.46,143.37,435.04,1,-1,-1,-1
450,1421,569.50,80.49,64.87,271.22,1,-1,-1,-1
450,1420,115.50,158.69,41.92,119.76,1,-1,-1,-1
450,1418,335.60,176.07,62.97,157.04,1,-1,-1,-1
450,1417,157.29,156.50,35.21,118.58,1,-1,-1,-1
450,1416,200.78,183.55,25.45,67.72,1,-1,-1,-1
450,1414,235.68,63.65,112.27,328.69,1,-1,-1,-1
450,1413,471.72,70.31,128.71,338.04,1,-1,-1,-1
450,1406,-21.64,22.98,137.36,440.88,1,-1,-1,-1
451,1421,562.65,75.65,73.38,302.28,1,-1,-1,-1
451,1420,127.58,162.51,40.58,118.15,1,-1,-1,-1
451,1417,164.62,158.32,34.73,118.48,1,-1,-1,-1
451,1416,210.16,185.13,24.59,68.97,1,-1,-1,-1
451,1414,237.83,64.90,109.81,323.71,1,-1,-1,-1
451,1413,466.52,75.88,128.50,332.57,1,-1,-1,-1
451,1406,-13.47,14.15,136.74,448.37,1,-1,-1,-1
452,1420,133.22,161.05,40.41,119.28,1,-1,-1,-1
452,1417,171.95,156.27,35.87,122.07,1,-1,-1,-1
452,1414,241.51,63.20,108.09,320.02,1,-1,-1,-1
452,1413,468.54,74.38,131.78,329.17,1,-1,-1,-1
452,1406,-8.54,15.30,138.60,447.16,1,-1,-1,-1
453,1422,362.61,150.11,69.18,141.35,1,-1,-1,-1
453,1420,137.89,157.62,40.02,116.62,1,-1,-1,-1
453,1417,181.28,156.10,36.08,117.67,1,-1,-1,-1
453,1414,247.08,60.77,106.07,318.06,1,-1,-1,-1
453,1413,474.45,76.42,132.83,330.03,1,-1,-1,-1
453,1406,-6.77,10.98,139.77,455.44,1,-1,-1,-1
454,1423,588.59,91.72,38.86,158.79,1,-1,-1,-1
454,1422,366.24,161.75,72.78,152.10,1,-1,-1,-1
454,1420,148.88,160.98,38.38,113.79,1,-1,-1,-1
454,1417,189.69,162.56,35.57,118.93,1,-1,-1,-1
454,1414,251.14,63.45,106.16,318.14,1,-1,-1,-1
454,1413,481.83,78.54,129.90,329.86,1,-1,-1,-1
454,1406,2.71,13.69,145.00,459.49,1,-1,-1,-1
