1,423,520.62,113.60,30.20,124.09,1,-1,-1,-1
1,422,437.16,94.92,85.08,237.23,1,-1,-1,-1
1,421,100.81,87.25,56.32,224.15,1,-1,-1,-1
1,420,181.39,89.67,75.92,245.93,1,-1,-1,-1
1,419,570.79,80.83,68.21,203.59,1,-1,-1,-1
1,418,340.83,79.50,87.66,244.25,1,-1,-1,-1
2,424,327.72,124.83,24.34,96.08,1,-1,-1,-1
2,423,522.01,104.48,35.70,132.38,1,-1,-1,-1
2,422,445.49,100.46,72.20,217.81,1,-1,-1,-1
2,421,97.09,83.23,58.39,232.22,1,-1,-1,-1
2,420,186.49,89.57,69.89,234.79,1,-1,-1,-1
2,419,573.60,82.08,65.72,200.38,1,-1,-1,-1
2,418,349.81,89.32,86.32,241.18,1,-1,-1,-1
3,423,516.16,113.42,34.87,132.55,1,-1,-1,-1
3,422,446.62,84.82,75.38,222.43,1,-1,-1,-1
3,421,89.60,89.99,64.83,230.09,1,-1,-1,-1
3,420,188.34,80.80,78.94,242.39,1,-1,-1,-1
3,419,568.70,82.65,69.05,201.25,1,-1,-1,-1
3,418,350.80,80.38,91.28,248.43,1,-1,-1,-1
4,423,511.81,110.54,36.79,137.96,1,-1,-1,-1
4,422,453.28,85.77,76.18,225.90,1,-1,-1,-1
4,421,82.75,95.98,68.74,232.37,1,-1,-1,-1
4,420,190.06,85.40,77.19,230.38,1,-1,-1,-1
4,419,568.98,84.24,69.07,197.43,1,-1,-1,-1
4,418,351.66,75.02,92.86,249.43,1,-1,-1,-1
5,423,511.93,109.80,39.74,139.98,1,-1,-1,-1
5,422,455.61,88.70,82.95,236.97,1,-1,-1,-1
5,421,74.35,95.20,72.70,227.60,1,-1,-1,-1
5,420,192.94,83.53,76.35,224.65,1,-1,-1,-1
5,419,567.82,88.43,62.87,191.84,1,-1,-1,-1
5,418,354.25,73.55,97.82,251.85,1,-1,-1,-1
6,422,451.96,79.37,88.93,245.58,1,-1,-1,-1
6,421,63.08,87.79,78.48,232.90,1,-1,-1,-1
6,420,203.76,87.78,75.69,221.26,1,-1,-1,-1
6,419,564.51,86.93,67.10,199.21,1,-1,-1,-1
6,418,358.02,79.06,98.08,246.52,1,-1,-1,-1
7,422,459.21,76.34,86.39,243.57,1,-1,-1,-1
7,421,55.48,90.84,84.81,235.49,1,-1,-1,-1
7,420,210.40,95.86,76.21,215.13,1,-1,-1,-1
7,419,562.39,88.69,68.26,197.98,1,-1,-1,-1
7,418,362.25,82.54,96.00,241.47,1,-1,-1,-1
8,422,467.48,80.97,80.39,238.81,1,-1,-1,-1
8,421,48.31,96.44,86.06,233.79,1,-1,-1,-1
8,420,213.33,97.41,82.74,221.07,1,-1,-1,-1
8,419,559.07,89.90,70.96,198.65,1,-1,-1,-1
8,418,362.77,80.12,94.46,237.83,1,-1,-1,-1
9,426,173.66,86.36,51.39,172.63,1,-1,-1,-1
9,422,464.74,78.64,83.18,242.32,1,-1,-1,-1
9,421,42.55,96.28,82.52,227.65,1,-1,-1,-1
9,420,219.54,102.22,82.24,216.61,1,-1,-1,-1
9,419,558.23,91.83,72.17,196.33,1,-1,-1,-1
9,418,365.62,85.61,91.22,234.84,1,-1,-1,-1
10,426,175.15,87.88,50.77,170.23,1,-1,-1,-1
10,422,466.54,77.31,80.92,241.60,1,-1,-1,-1
10,421,40.87,95.97,74.97,227.17,1,-1,-1,-1
10,420,225.48,98.87,80.38,216.51,1,-1,-1,-1
10,419,556.50,88.90,75.30,197.58,1,-1,-1,-1
10,418,371.26,86.25,89.10,236.02,1,-1,-1,-1
11,426,174.39,89.30,51.92,171.57,1,-1,-1,-1
11,422,468.42,80.48,80.25,241.09,1,-1,-1,-1
11,421,36.93,98.72,69.87,221.71,1,-1,-1,-1
11,420,229.49,101.46,80.58,214.82,1,-1,-1,-1
11,419,554.86,88.88,76.32,195.21,1,-1,-1,-1
11,418,372.17,82.66,92.23,236.16,1,-1,-1,-1
12,426,173.06,89.46,51.07,167.71,1,-1,-1,-1
12,422,472.07,85.71,80.93,238.28,1,-1,-1,-1
12,421,28.85,92.26,67.85,220.15,1,-1,-1,-1
12,420,234.44,101.15,81.44,218.31,1,-1,-1,-1
12,419,557.65,86.51,74.58,196.37,1,-1,-1,-1
12,418,375.78,84.26,90.73,235.99,1,-1,-1,-1
13,426,175.29,87.72,52.01,170.45,1,-1,-1,-1
13,422,471.77,86.34,79.94,236.05,1,-1,-1,-1
13,421,25.45,96.50,65.91,220.78,1,-1,-1,-1
13,420,233.11,91.87,82.47,222.51,1,-1,-1,-1
13,419,556.63,86.65,73.48,195.56,1,-1,-1,-1
13,418,379.60,80.34,87.21,235.50,1,-1,-1,-1
14,426,176.33,89.39,49.63,164.50,1,-1,-1,-1
14,422,476.06,84.09,84.48,239.85,1,-1,-1,-1
14,421,25.25,102.23,64.58,220.05,1,-1,-1,-1
14,420,236.20,94.35,80.30,220.61,1,-1,-1,-1
14,419,555.41,88.56,71.43,192.89,1,-1,-1,-1
14,418,381.20,76.37,90.85,240.98,1,-1,-1,-1
15,426,176.34,94.06,46.27,158.74,1,-1,-1,-1
15,422,475.92,90.34,87.26,231.70,1,-1,-1,-1
15,421,14.20,99.28,71.50,222.61,1,-1,-1,-1
15,420,242.50,95.11,78.38,218.23,1,-1,-1,-1
15,419,549.02,94.78,71.27,186.82,1,-1,-1,-1
15,418,386.19,79.55,91.56,238.74,1,-1,-1,-1
16,426,175.04,92.86,46.06,161.05,1,-1,-1,-1
16,422,480.07,91.35,86.48,229.54,1,-1,-1,-1
16,421,12.18,95.98,69.20,224.51,1,-1,-1,-1
16,420,246.85,95.63,76.33,214.11,1,-1,-1,-1
16,419,547.21,94.50,75.18,180.83,1,-1,-1,-1
16,418,388.03,82.50,92.63,240.97,1,-1,-1,-1
17,426,174.83,90.16,47.15,161.94,1,-1,-1,-1
17,422,479.84,88.04,85.69,229.41,1,-1,-1,-1
17,421,6.07,100.48,71.98,226.00,1,-1,-1,-1
17,420,250.07,95.74,76.18,211.92,1,-1,-1,-1
17,419,543.01,96.60,75.95,180.85,1,-1,-1,-1
17,418,388.28,81.78,95.18,240.99,1,-1,-1,-1
18,426,173.39,90.27,47.11,168.98,1,-1,-1,-1
18,422,484.84,85.43,90.11,230.60,1,-1,-1,-1
18,421,1.89,98.48,71.68,225.15,1,-1,-1,-1
18,420,254.79,97.96,75.01,210.89,1,-1,-1,-1
18,419,545.86,98.40,78.73,174.81,1,-1,-1,-1
18,418,388.86,84.47,93.07,241.48,1,-1,-1,-1
19,426,174.99,91.20,45.09,165.41,1,-1,-1,-1
19,422,489.30,84.90,96.15,237.33,1,-1,-1,-1
19,421,-0.57,96.98,70.44,225.68,1,-1,-1,-1
19,420,256.78,93.42,76.74,211.95,1,-1,-1,-1
19,419,543.41,94.94,80.96,166.06,1,-1,-1,-1
19,418,392.25,84.17,90.77,242.16,1,-1,-1,-1
20,426,178.03,85.86,47.33,164.57,1,-1,-1,-1
20,422,493.84,85.08,97.39,238.53,1,-1,-1,-1
20,421,-1.79,95.26,69.37,229.65,1,-1,-1,-1
20,420,261.43,93.13,78.10,212.45,1,-1,-1,-1
20,419,562.57,103.49,72.41,158.17,1,-1,-1,-1
20,418,391.10,85.66,96.50,239.33,1,-1,-1,-1
21,426,176.39,86.31,46.24,165.16,1,-1,-1,-1
21,422,498.10,87.01,95.07,236.09,1,-1,-1,-1
21,421,-3.54,97.56,66.98,233.62,1,-1,-1,-1
21,420,259.25,97.95,78.46,211.07,1,-1,-1,-1
21,419,575.58,106.58,60.67,149.86,1,-1,-1,-1
21,418,392.78,86.99,95.37,238.83,1,-1,-1,-1
22,426,175.91,86.67,46.01,163.24,1,-1,-1,-1
22,422,501.40,82.71,95.55,234.46,1,-1,-1,-1
22,421,-5.12,102.52,60.99,233.81,1,-1,-1,-1
22,420,261.75,97.75,79.88,206.13,1,-1,-1,-1
22,419,583.68,110.06,53.29,142.85,1,-1,-1,-1
22,418,397.99,84.98,96.99,234.44,1,-1,-1,-1
23,426,176.20,84.68,45.31,162.64,1,-1,-1,-1
23,422,504.23,79.60,94.79,235.41,1,-1,-1,-1
23,421,-4.72,108.86,56.61,227.67,1,-1,-1,-1
23,420,268.88,101.03,74.90,205.43,1,-1,-1,-1
23,419,587.50,110.02,48.74,137.03,1,-1,-1,-1
23,418,404.36,85.32,94.44,232.90,1,-1,-1,-1
24,426,176.47,83.20,44.94,163.03,1,-1,-1,-1
24,422,504.13,77.68,92.36,233.54,1,-1,-1,-1
24,420,276.83,98.00,76.64,208.19,1,-1,-1,-1
24,419,586.38,109.68,46.09,133.08,1,-1,-1,-1
24,418,407.44,79.81,95.41,234.01,1,-1,-1,-1
25,426,176.33,88.02,45.35,159.00,1,-1,-1,-1
25,422,508.39,79.74,90.23,234.20,1,-1,-1,-1
25,420,280.43,100.18,73.60,207.73,1,-1,-1,-1
25,419,582.79,113.18,48.03,130.81,1,-1,-1,-1
25,418,411.51,82.76,92.90,232.11,1,-1,-1,-1
26,426,176.43,92.33,45.31,155.19,1,-1,-1,-1
26,422,509.76,81.24,88.70,226.67,1,-1,-1,-1
26,420,280.73,98.16,75.77,202.95,1,-1,-1,-1
26,419,581.53,112.01,48.99,134.18,1,-1,-1,-1
26,418,417.83,82.12,91.76,230.57,1,-1,-1,-1
27,426,174.64,88.99,48.17,155.96,1,-1,-1,-1
27,422,510.74,83.85,89.30,221.83,1,-1,-1,-1
27,420,284.64,94.93,78.95,203.75,1,-1,-1,-1
27,419,578.38,108.69,51.63,139.92,1,-1,-1,-1
27,418,417.94,81.35,91.68,233.87,1,-1,-1,-1
28,426,175.48,93.38,46.93,154.64,1,-1,-1,-1
28,422,515.28,90.42,95.47,217.40,1,-1,-1,-1
28,420,291.52,95.36,75.80,204.94,1,-1,-1,-1
28,418,423.64,81.85,92.01,232.31,1,-1,-1,-1
29,426,173.97,89.84,48.64,159.41,1,-1,-1,-1
29,422,513.44,95.43,104.30,215.93,1,-1,-1,-1
29,420,299.65,96.75,76.15,204.43,1,-1,-1,-1
29,418,424.66,82.75,89.82,233.25,1,-1,-1,-1
30,426,173.65,90.53,49.51,160.30,1,-1,-1,-1
30,422,510.74,98.47,111.54,214.03,1,-1,-1,-1
30,420,302.50,94.77,79.10,202.23,1,-1,-1,-1
30,418,432.28,84.94,88.60,229.14,1,-1,-1,-1
31,426,173.82,92.25,50.27,158.40,1,-1,-1,-1
31,422,517.52,99.36,104.47,213.13,1,-1,-1,-1
31,420,303.70,93.63,78.38,202.90,1,-1,-1,-1
31,419,593.48,149.32,35.64,103.73,1,-1,-1,-1
31,418,434.20,86.43,87.44,227.87,1,-1,-1,-1
32,429,497.30,80.92,38.53,74.57,1,-1,-1,-1
32,426,173.85,87.95,50.64,161.06,1,-1,-1,-1
32,422,523.27,98.32,99.45,214.35,1,-1,-1,-1
32,420,308.15,93.42,75.92,205.18,1,-1,-1,-1
32,418,438.65,82.64,87.40,228.14,1,-1,-1,-1
33,429,495.12,81.24,44.66,63.92,1,-1,-1,-1
33,426,175.20,90.94,48.38,162.63,1,-1,-1,-1
33,422,531.32,95.92,94.49,216.40,1,-1,-1,-1
33,420,312.10,94.19,75.20,205.18,1,-1,-1,-1
33,418,445.91,87.15,96.62,218.81,1,-1,-1,-1
34,426,175.78,90.86,46.39,162.42,1,-1,-1,-1
34,422,536.40,91.31,88.57,218.74,1,-1,-1,-1
34,420,317.42,94.76,76.72,203.18,1,-1,-1,-1
34,418,449.95,93.62,98.83,215.82,1,-1,-1,-1
35,426,176.14,92.10,46.07,158.82,1,-1,-1,-1
35,422,546.05,88.06,88.30,219.45,1,-1,-1,-1
35,420,321.56,100.89,77.32,202.45,1,-1,-1,-1
35,418,451.63,88.64,97.46,218.32,1,-1,-1,-1
36,426,176.32,94.14,44.45,156.71,1,-1,-1,-1
36,422,544.94,89.66,87.93,223.11,1,-1,-1,-1
36,420,319.46,99.72,81.57,201.48,1,-1,-1,-1
36,418,449.64,84.11,100.78,217.18,1,-1,-1,-1
37,426,174.33,95.90,47.21,156.93,1,-1,-1,-1
37,422,543.07,85.57,89.46,224.80,1,-1,-1,-1
37,420,324.41,93.56,84.10,203.77,1,-1,-1,-1
37,418,447.94,86.87,100.17,218.47,1,-1,-1,-1
38,426,176.49,94.11,47.18,157.11,1,-1,-1,-1
38,422,552.57,87.54,84.25,225.20,1,-1,-1,-1
38,420,329.18,98.11,80.53,199.87,1,-1,-1,-1
38,418,446.83,85.76,99.26,218.63,1,-1,-1,-1
39,426,177.45,98.48,46.52,154.50,1,-1,-1,-1
39,422,552.14,83.34,84.93,221.73,1,-1,-1,-1
39,420,332.09,99.50,80.53,199.86,1,-1,-1,-1
39,418,446.89,87.12,99.45,217.87,1,-1,-1,-1
40,426,177.40,98.87,47.54,157.56,1,-1,-1,-1
40,422,556.28,83.21,81.44,220.91,1,-1,-1,-1
40,420,338.00,98.83,74.89,198.26,1,-1,-1,-1
40,418,452.52,84.12,98.87,217.31,1,-1,-1,-1
41,426,173.75,94.27,49.63,157.64,1,-1,-1,-1
41,422,558.52,85.98,79.54,220.84,1,-1,-1,-1
41,420,344.21,97.39,73.15,201.81,1,-1,-1,-1
41,418,458.47,86.74,97.55,215.32,1,-1,-1,-1
42,426,172.99,92.18,51.12,156.81,1,-1,-1,-1
42,422,558.82,86.67,77.62,218.95,1,-1,-1,-1
42,420,348.67,98.81,70.68,200.78,1,-1,-1,-1
42,418,461.97,90.39,96.40,214.99,1,-1,-1,-1
43,432,439.28,116.23,29.75,121.68,1,-1,-1,-1
43,426,175.01,92.86,51.65,158.15,1,-1,-1,-1
43,422,561.31,88.42,76.13,220.48,1,-1,-1,-1
43,420,354.17,99.25,67.81,198.21,1,-1,-1,-1
43,418,464.78,84.30,95.06,215.51,1,-1,-1,-1
44,432,438.60,117.32,32.28,127.26,1,-1,-1,-1
44,426,172.89,94.21,49.82,156.62,1,-1,-1,-1
44,422,564.44,90.29,75.30,221.82,1,-1,-1,-1
44,420,356.70,96.72,65.93,196.88,1,-1,-1,-1
44,418,462.17,87.09,96.38,211.92,1,-1,-1,-1
45,432,436.18,113.37,35.73,135.81,1,-1,-1,-1
45,426,172.52,94.48,48.83,158.04,1,-1,-1,-1
45,422,568.29,93.05,73.13,220.21,1,-1,-1,-1
45,420,361.02,97.41,66.05,198.54,1,-1,-1,-1
45,418,466.57,91.66,96.20,215.28,1,-1,-1,-1
46,432,432.96,112.11,38.24,142.72,1,-1,-1,-1
46,426,171.44,88.76,50.51,159.47,1,-1,-1,-1
46,422,567.14,94.36,70.75,221.98,1,-1,-1,-1
46,420,361.79,98.88,67.22,192.90,1,-1,-1,-1
46,418,465.81,91.12,99.93,216.89,1,-1,-1,-1
47,432,430.22,107.84,39.11,154.48,1,-1,-1,-1
47,426,175.36,91.81,49.60,158.35,1,-1,-1,-1
47,422,569.95,90.67,69.89,225.98,1,-1,-1,-1
47,420,368.59,100.56,67.59,190.93,1,-1,-1,-1
47,418,466.98,89.58,99.27,221.41,1,-1,-1,-1
48,432,435.65,103.54,40.66,167.26,1,-1,-1,-1
48,426,171.16,91.75,51.25,157.52,1,-1,-1,-1
48,422,574.02,87.45,67.28,228.55,1,-1,-1,-1
48,420,369.54,103.68,71.87,190.11,1,-1,-1,-1
48,418,467.76,91.92,104.12,221.96,1,-1,-1,-1
49,432,448.37,101.28,45.40,179.49,1,-1,-1,-1
49,426,174.18,90.91,50.34,157.47,1,-1,-1,-1
49,422,577.89,77.12,64.57,236.86,1,-1,-1,-1
49,420,374.79,102.44,68.58,188.39,1,-1,-1,-1
49,418,475.57,92.43,105.24,224.01,1,-1,-1,-1
50,432,449.16,97.66,49.18,193.81,1,-1,-1,-1
50,426,172.41,91.45,51.28,160.36,1,-1,-1,-1
50,422,577.80,68.27,62.01,246.72,1,-1,-1,-1
50,420,380.15,103.11,69.16,187.77,1,-1,-1,-1
50,418,481.38,96.44,104.70,217.09,1,-1,-1,-1
51,432,449.11,93.37,49.33,196.91,1,-1,-1,-1
51,426,172.24,94.22,48.95,158.98,1,-1,-1,-1
51,422,583.09,74.63,58.83,247.11,1,-1,-1,-1
51,420,383.11,104.74,69.81,184.03,1,-1,-1,-1
51,418,488.83,94.19,104.60,218.27,1,-1,-1,-1
52,432,441.63,92.75,54.03,193.65,1,-1,-1,-1
52,426,172.84,95.60,46.37,158.87,1,-1,-1,-1
52,422,581.23,74.75,56.56,244.27,1,-1,-1,-1
52,420,385.75,103.36,72.47,182.95,1,-1,-1,-1
52,418,491.31,91.44,102.49,217.70,1,-1,-1,-1
53,426,173.13,95.67,45.90,157.48,1,-1,-1,-1
53,422,582.79,66.99,54.71,241.50,1,-1,-1,-1
53,420,393.71,101.78,81.15,182.79,1,-1,-1,-1
53,418,497.66,90.47,97.96,216.77,1,-1,-1,-1
54,426,173.31,97.46,45.77,160.43,1,-1,-1,-1
54,422,584.90,67.96,52.82,228.30,1,-1,-1,-1
54,420,394.92,95.15,84.92,186.27,1,-1,-1,-1
54,418,503.02,90.16,97.91,214.40,1,-1,-1,-1
55,426,172.85,95.57,44.96,156.49,1,-1,-1,-1
55,422,589.25,73.20,48.45,209.15,1,-1,-1,-1
55,420,399.17,100.83,83.74,185.99,1,-1,-1,-1
55,418,509.65,90.66,97.64,216.30,1,-1,-1,-1
56,426,174.79,99.84,45.76,158.46,1,-1,-1,-1
56,422,587.52,76.59,46.77,193.81,1,-1,-1,-1
56,420,401.84,96.69,88.79,189.18,1,-1,-1,-1
56,418,510.77,87.84,97.21,216.48,1,-1,-1,-1
57,426,172.88,97.73,46.33,157.96,1,-1,-1,-1
57,422,586.20,85.66,50.36,153.80,1,-1,-1,-1
57,420,405.77,92.28,87.47,192.31,1,-1,-1,-1
57,418,513.55,91.45,93.90,213.33,1,-1,-1,-1
58,426,175.92,89.80,46.43,157.03,1,-1,-1,-1
58,422,587.79,90.38,45.80,134.44,1,-1,-1,-1
58,420,407.38,95.61,87.65,193.30,1,-1,-1,-1
58,418,516.15,87.38,90.35,211.98,1,-1,-1,-1
59,426,173.85,90.91,46.77,156.26,1,-1,-1,-1
59,422,591.55,97.91,41.11,118.77,1,-1,-1,-1
59,420,404.90,99.56,89.95,193.43,1,-1,-1,-1
59,418,524.32,89.54,88.17,212.47,1,-1,-1,-1
60,433,594.76,176.26,31.12,77.84,1,-1,-1,-1
60,426,175.94,87.54,47.32,157.43,1,-1,-1,-1
60,420,407.30,95.87,90.88,193.58,1,-1,-1,-1
60,418,527.80,89.62,85.07,209.40,1,-1,-1,-1
61,433,594.69,181.03,29.38,70.38,1,-1,-1,-1
61,426,172.03,89.51,47.92,155.91,1,-1,-1,-1
61,420,406.52,94.90,90.89,194.48,1,-1,-1,-1
61,418,537.03,94.39,81.57,202.54,1,-1,-1,-1
62,433,594.03,184.63,27.92,64.00,1,-1,-1,-1
62,426,174.72,86.13,48.68,156.63,1,-1,-1,-1
62,420,405.61,96.68,87.94,194.58,1,-1,-1,-1
62,418,540.00,95.57,77.28,200.58,1,-1,-1,-1
63,433,587.51,163.82,35.07,82.82,1,-1,-1,-1
63,426,172.91,85.48,50.73,156.48,1,-1,-1,-1
63,420,412.14,96.16,83.74,196.72,1,-1,-1,-1
63,418,542.38,92.15,76.45,202.75,1,-1,-1,-1
64,426,174.53,85.46,50.02,154.03,1,-1,-1,-1
64,420,418.57,98.72,84.26,194.64,1,-1,-1,-1
64,418,546.11,90.45,75.64,200.81,1,-1,-1,-1
65,426,171.52,83.95,50.74,157.81,1,-1,-1,-1
65,420,423.56,97.15,81.56,191.69,1,-1,-1,-1
65,418,548.77,92.97,75.90,201.66,1,-1,-1,-1
66,434,394.99,82.04,82.29,210.59,1,-1,-1,-1
66,426,169.30,83.92,52.12,159.42,1,-1,-1,-1
66,418,550.69,93.87,75.83,202.63,1,-1,-1,-1
67,434,392.66,84.26,76.67,205.78,1,-1,-1,-1
67,426,169.28,89.37,51.50,160.50,1,-1,-1,-1
67,418,553.04,94.27,76.53,200.91,1,-1,-1,-1
68,434,389.63,84.56,67.93,197.73,1,-1,-1,-1
68,426,170.28,90.07,50.37,159.76,1,-1,-1,-1
68,418,555.88,88.75,75.79,201.16,1,-1,-1,-1
69,434,383.02,88.04,68.57,196.64,1,-1,-1,-1
69,426,173.17,88.85,49.76,162.99,1,-1,-1,-1
69,420,445.18,94.54,65.47,186.66,1,-1,-1,-1
69,418,555.27,91.85,78.52,200.77,1,-1,-1,-1
70,434,378.96,89.72,66.21,193.88,1,-1,-1,-1
70,426,169.12,93.46,49.12,163.86,1,-1,-1,-1
70,420,448.86,97.75,61.65,187.18,1,-1,-1,-1
70,418,557.99,95.94,78.73,197.12,1,-1,-1,-1
71,434,383.05,82.91,62.03,193.01,1,-1,-1,-1
71,426,168.25,90.82,48.30,162.69,1,-1,-1,-1
71,420,451.53,96.83,60.30,186.23,1,-1,-1,-1
71,418,560.38,95.49,78.68,199.81,1,-1,-1,-1
72,434,384.13,92.88,60.95,188.15,1,-1,-1,-1
72,426,172.24,89.62,48.05,163.79,1,-1,-1,-1
72,420,454.27,97.07,58.22,186.87,1,-1,-1,-1
72,418,562.30,92.16,78.03,203.27,1,-1,-1,-1
73,434,384.47,90.25,58.84,186.75,1,-1,-1,-1
73,426,175.58,87.26,46.81,163.53,1,-1,-1,-1
73,420,458.27,96.11,59.18,184.94,1,-1,-1,-1
73,418,561.01,88.49,78.46,206.58,1,-1,-1,-1
74,434,381.37,93.17,58.97,184.03,1,-1,-1,-1
74,426,174.47,86.95,47.94,163.71,1,-1,-1,-1
74,420,464.12,95.88,61.90,183.68,1,-1,-1,-1
74,418,564.48,84.41,76.65,210.37,1,-1,-1,-1
75,434,380.15,95.97,59.29,181.76,1,-1,-1,-1
75,426,174.70,88.15,49.25,161.73,1,-1,-1,-1
75,420,465.73,96.08,62.15,181.82,1,-1,-1,-1
75,418,562.75,84.64,77.24,210.49,1,-1,-1,-1
76,434,376.56,94.79,61.87,178.48,1,-1,-1,-1
76,426,173.23,81.56,51.02,165.06,1,-1,-1,-1
76,420,467.14,101.25,61.44,181.10,1,-1,-1,-1
76,418,561.32,84.24,78.03,210.79,1,-1,-1,-1
77,434,373.52,94.95,63.63,180.14,1,-1,-1,-1
77,426,179.33,83.17,50.36,166.83,1,-1,-1,-1
77,420,468.82,98.09,61.13,179.14,1,-1,-1,-1
77,418,563.38,93.12,76.94,205.58,1,-1,-1,-1
78,434,372.27,98.19,62.97,177.24,1,-1,-1,-1
78,426,178.09,82.95,51.80,165.51,1,-1,-1,-1
78,420,470.05,98.40,66.78,176.63,1,-1,-1,-1
78,418,564.30,97.13,74.99,202.01,1,-1,-1,-1
79,434,370.88,102.26,62.68,175.06,1,-1,-1,-1
79,426,176.53,83.81,51.36,164.54,1,-1,-1,-1
79,420,469.96,101.98,67.12,174.56,1,-1,-1,-1
79,418,560.80,91.66,76.92,200.31,1,-1,-1,-1
80,434,370.31,103.16,59.24,171.25,1,-1,-1,-1
80,426,177.70,87.17,51.63,165.70,1,-1,-1,-1
80,420,477.36,96.59,66.78,174.63,1,-1,-1,-1
80,418,566.98,98.15,72.44,198.02,1,-1,-1,-1
81,436,553.51,97.54,36.89,120.78,1,-1,-1,-1
81,434,369.79,104.39,59.32,169.25,1,-1,-1,-1
81,426,180.00,85.08,51.91,166.18,1,-1,-1,-1
81,420,483.10,95.34,65.72,175.82,1,-1,-1,-1
81,418,569.76,99.42,69.36,195.13,1,-1,-1,-1
82,436,552.55,99.21,32.62,98.48,1,-1,-1,-1
82,434,367.88,104.84,58.61,166.17,1,-1,-1,-1
82,426,177.53,87.22,57.16,167.84,1,-1,-1,-1
82,420,481.04,92.64,67.00,175.31,1,-1,-1,-1
82,418,574.06,96.71,65.60,194.32,1,-1,-1,-1
83,436,550.64,101.82,28.87,85.22,1,-1,-1,-1
83,434,367.82,106.41,60.07,163.26,1,-1,-1,-1
83,426,175.22,88.21,58.58,167.47,1,-1,-1,-1
83,420,486.04,94.67,66.88,175.96,1,-1,-1,-1
83,418,573.81,101.27,62.60,189.55,1,-1,-1,-1
84,436,554.40,103.74,26.06,65.83,1,-1,-1,-1
84,434,360.34,99.58,62.93,160.71,1,-1,-1,-1
84,426,175.94,89.61,59.04,166.66,1,-1,-1,-1
84,420,489.23,102.17,66.07,173.32,1,-1,-1,-1
84,418,585.77,96.63,56.55,193.83,1,-1,-1,-1
85,434,358.58,102.48,59.97,159.53,1,-1,-1,-1
85,426,176.71,88.70,59.20,165.74,1,-1,-1,-1
85,420,492.25,106.29,64.70,170.77,1,-1,-1,-1
86,437,553.34,113.25,50.60,163.29,1,-1,-1,-1
86,434,352.48,104.10,59.10,162.39,1,-1,-1,-1
86,426,178.15,85.38,60.05,165.03,1,-1,-1,-1
86,420,496.72,105.63,65.57,171.99,1,-1,-1,-1
87,439,393.77,110.98,47.81,135.37,1,-1,-1,-1
87,438,613.06,96.58,25.85,95.73,1,-1,-1,-1
87,437,551.29,110.06,50.94,161.80,1,-1,-1,-1
87,434,351.17,101.03,58.39,164.86,1,-1,-1,-1
87,426,180.17,85.51,60.23,164.36,1,-1,-1,-1
87,420,500.27,103.85,67.41,169.41,1,-1,-1,-1
88,439,397.35,107.07,45.74,133.20,1,-1,-1,-1
88,438,613.84,95.18,24.48,89.85,1,-1,-1,-1
88,434,346.70,101.06,60.05,169.28,1,-1,-1,-1
88,426,177.23,87.61,59.48,164.71,1,-1,-1,-1
88,420,510.94,105.98,75.97,163.93,1,-1,-1,-1
89,439,397.07,112.81,44.14,132.76,1,-1,-1,-1
89,434,345.18,100.26,58.81,171.58,1,-1,-1,-1
89,426,179.81,88.30,59.35,164.63,1,-1,-1,-1
89,420,512.75,106.78,79.38,167.80,1,-1,-1,-1
90,439,397.96,113.24,42.50,131.96,1,-1,-1,-1
90,434,344.33,99.08,58.34,170.12,1,-1,-1,-1
90,426,181.27,85.80,60.02,166.84,1,-1,-1,-1
90,420,513.70,106.92,81.23,167.73,1,-1,-1,-1
91,439,397.54,111.95,41.54,131.66,1,-1,-1,-1
91,434,341.21,93.71,56.22,171.02,1,-1,-1,-1
91,426,182.35,83.40,60.58,166.24,1,-1,-1,-1
91,420,516.48,103.77,80.93,169.74,1,-1,-1,-1
92,439,397.18,114.28,41.55,128.58,1,-1,-1,-1
92,434,338.77,97.35,58.00,170.22,1,-1,-1,-1
92,426,179.03,82.30,60.84,164.34,1,-1,-1,-1
92,420,517.92,97.00,80.98,168.59,1,-1,-1,-1
93,439,395.01,107.79,42.17,131.92,1,-1,-1,-1
93,434,335.16,102.46,63.80,165.06,1,-1,-1,-1
93,426,181.86,85.93,60.72,165.47,1,-1,-1,-1
93,420,520.95,96.17,79.39,172.43,1,-1,-1,-1
94,439,393.97,110.07,44.73,129.35,1,-1,-1,-1
94,434,329.72,102.46,69.12,162.58,1,-1,-1,-1
94,426,182.43,82.88,61.15,166.07,1,-1,-1,-1
94,420,523.95,96.34,75.96,175.30,1,-1,-1,-1
95,439,391.83,110.40,43.97,130.87,1,-1,-1,-1
95,434,326.41,107.02,66.66,162.97,1,-1,-1,-1
95,426,185.20,83.17,58.54,165.26,1,-1,-1,-1
95,420,524.44,98.15,79.12,173.59,1,-1,-1,-1
96,439,392.93,110.78,42.15,129.43,1,-1,-1,-1
96,434,324.89,109.27,63.78,159.74,1,-1,-1,-1
96,426,184.18,80.66,59.61,167.52,1,-1,-1,-1
96,420,525.28,97.36,76.54,172.64,1,-1,-1,-1
97,439,396.81,111.26,39.32,127.55,1,-1,-1,-1
97,434,322.33,103.73,69.06,161.22,1,-1,-1,-1
97,426,184.83,82.21,59.15,168.03,1,-1,-1,-1
97,420,523.49,102.42,81.18,166.68,1,-1,-1,-1
98,439,396.65,108.09,40.86,128.97,1,-1,-1,-1
98,434,320.31,100.42,71.15,162.40,1,-1,-1,-1
98,426,185.64,84.44,58.46,166.37,1,-1,-1,-1
98,420,521.22,108.74,87.49,159.46,1,-1,-1,-1
99,439,394.39,111.35,42.02,129.72,1,-1,-1,-1
99,434,318.92,95.43,71.68,164.36,1,-1,-1,-1
99,426,186.41,85.03,57.91,164.58,1,-1,-1,-1
99,420,535.57,109.85,80.84,158.52,1,-1,-1,-1
100,439,392.34,112.41,43.45,130.48,1,-1,-1,-1
100,434,317.73,95.84,67.63,170.62,1,-1,-1,-1
100,426,186.59,86.45,57.63,162.92,1,-1,-1,-1
100,420,540.75,108.37,75.78,161.63,1,-1,-1,-1
101,439,391.29,108.68,43.60,135.22,1,-1,-1,-1
101,434,317.14,92.29,64.10,170.33,1,-1,-1,-1
101,426,187.32,88.57,56.97,162.86,1,-1,-1,-1
101,420,541.76,108.18,76.85,160.40,1,-1,-1,-1
102,444,503.76,134.00,52.04,134.43,1,-1,-1,-1
102,439,391.17,109.31,45.90,133.13,1,-1,-1,-1
102,434,313.15,93.13,64.05,172.00,1,-1,-1,-1
102,426,188.35,91.56,54.99,161.38,1,-1,-1,-1
102,420,544.16,104.75,79.45,162.89,1,-1,-1,-1
103,444,496.63,137.47,51.75,132.97,1,-1,-1,-1
103,439,388.45,105.17,47.63,133.91,1,-1,-1,-1
103,434,312.01,94.45,64.37,171.41,1,-1,-1,-1
103,426,189.18,94.09,53.29,161.51,1,-1,-1,-1
103,420,550.71,104.51,74.26,165.06,1,-1,-1,-1
104,444,493.60,132.67,55.36,131.88,1,-1,-1,-1
104,439,386.79,106.55,51.21,133.85,1,-1,-1,-1
104,434,311.23,89.32,64.48,171.42,1,-1,-1,-1
104,426,188.22,90.47,52.94,161.84,1,-1,-1,-1
104,420,555.87,103.23,69.53,168.95,1,-1,-1,-1
105,444,490.89,123.46,56.63,143.26,1,-1,-1,-1
105,439,385.81,105.88,54.30,135.99,1,-1,-1,-1
105,434,309.87,78.67,62.95,176.96,1,-1,-1,-1
105,426,187.01,89.57,53.68,160.44,1,-1,-1,-1
105,420,567.65,100.85,62.85,171.40,1,-1,-1,-1
106,444,487.22,117.73,65.18,146.14,1,-1,-1,-1
106,439,382.87,108.60,54.53,134.84,1,-1,-1,-1
106,434,312.77,78.45,57.86,176.76,1,-1,-1,-1
106,426,186.33,89.57,53.62,160.41,1,-1,-1,-1
106,420,576.31,99.11,58.98,171.98,1,-1,-1,-1
107,444,480.34,115.04,68.74,149.15,1,-1,-1,-1
107,439,380.71,110.00,54.50,134.67,1,-1,-1,-1
107,434,311.10,82.06,56.11,176.51,1,-1,-1,-1
107,426,186.51,94.85,52.99,161.16,1,-1,-1,-1
107,420,577.47,98.35,57.56,172.89,1,-1,-1,-1
108,444,474.11,115.79,78.93,145.92,1,-1,-1,-1
108,439,379.50,111.29,54.29,134.80,1,-1,-1,-1
108,434,309.98,83.27,54.78,176.56,1,-1,-1,-1
108,426,186.63,95.35,52.67,161.15,1,-1,-1,-1
108,420,581.08,103.94,57.58,169.85,1,-1,-1,-1
109,444,471.69,112.82,79.52,149.45,1,-1,-1,-1
109,439,380.05,110.94,53.89,134.34,1,-1,-1,-1
109,434,308.49,73.20,55.54,186.84,1,-1,-1,-1
109,426,187.72,98.63,51.85,162.48,1,-1,-1,-1
109,420,581.74,102.19,57.35,169.42,1,-1,-1,-1
110,444,466.19,117.33,82.75,147.33,1,-1,-1,-1
110,439,379.59,112.06,54.61,134.35,1,-1,-1,-1
110,434,309.78,64.23,52.96,193.30,1,-1,-1,-1
110,426,187.07,91.70,54.88,167.79,1,-1,-1,-1
110,420,581.50,103.97,57.73,168.79,1,-1,-1,-1
111,446,519.56,121.11,48.81,139.17,1,-1,-1,-1
111,444,459.27,118.72,83.04,147.58,1,-1,-1,-1
111,439,381.92,111.57,56.45,134.07,1,-1,-1,-1
111,434,310.81,67.13,53.31,194.99,1,-1,-1,-1
111,426,185.65,86.58,57.35,174.20,1,-1,-1,-1
111,420,582.47,104.09,57.52,167.46,1,-1,-1,-1
112,446,512.50,115.04,54.31,142.76,1,-1,-1,-1
112,444,453.76,117.42,80.89,147.16,1,-1,-1,-1
112,439,385.41,112.52,54.19,133.44,1,-1,-1,-1
112,434,310.83,67.65,51.34,196.12,1,-1,-1,-1
112,426,185.55,84.62,58.74,174.90,1,-1,-1,-1
112,420,586.74,101.27,55.12,170.74,1,-1,-1,-1
113,446,507.53,106.74,54.15,145.59,1,-1,-1,-1
113,444,453.36,120.18,72.74,145.69,1,-1,-1,-1
113,439,385.66,113.07,54.56,131.45,1,-1,-1,-1
113,434,311.88,68.55,50.22,194.63,1,-1,-1,-1
113,426,185.59,88.07,56.93,169.06,1,-1,-1,-1
113,420,590.74,97.33,52.16,174.19,1,-1,-1,-1
114,446,512.65,104.70,51.05,139.09,1,-1,-1,-1
114,444,452.24,122.20,65.68,141.65,1,-1,-1,-1
114,439,388.24,112.26,54.39,132.01,1,-1,-1,-1
114,434,310.63,75.33,49.45,190.23,1,-1,-1,-1
114,426,186.25,86.88,55.19,167.48,1,-1,-1,-1
114,420,591.09,99.87,50.90,172.92,1,-1,-1,-1
115,446,511.11,107.42,52.21,132.49,1,-1,-1,-1
115,444,450.94,127.83,61.49,140.06,1,-1,-1,-1
115,439,388.10,116.16,52.63,130.28,1,-1,-1,-1
115,434,307.21,80.25,53.26,183.12,1,-1,-1,-1
115,426,186.34,87.32,54.37,167.15,1,-1,-1,-1
115,420,597.08,103.45,46.29,172.43,1,-1,-1,-1
116,446,511.73,108.01,51.84,132.99,1,-1,-1,-1
116,444,450.94,137.43,59.06,136.01,1,-1,-1,-1
116,439,390.84,117.09,51.23,129.24,1,-1,-1,-1
116,434,303.94,82.52,54.72,177.21,1,-1,-1,-1
116,426,186.67,89.98,54.10,164.52,1,-1,-1,-1
116,420,597.89,98.71,43.99,167.11,1,-1,-1,-1
117,446,506.61,111.77,52.16,133.65,1,-1,-1,-1
117,444,447.61,129.98,54.75,137.06,1,-1,-1,-1
117,439,390.84,113.15,51.14,131.87,1,-1,-1,-1
117,434,307.04,84.29,54.99,177.03,1,-1,-1,-1
117,426,186.94,86.84,55.21,162.75,1,-1,-1,-1
117,420,599.18,94.95,42.44,163.38,1,-1,-1,-1
118,446,504.43,113.46,51.66,137.15,1,-1,-1,-1
118,444,447.31,128.11,52.47,138.60,1,-1,-1,-1
118,439,392.10,115.34,49.33,130.52,1,-1,-1,-1
118,434,302.73,85.84,52.40,174.74,1,-1,-1,-1
118,426,186.99,88.84,55.80,162.23,1,-1,-1,-1
118,420,600.99,89.46,40.65,159.45,1,-1,-1,-1
119,446,503.15,111.42,51.48,140.40,1,-1,-1,-1
119,444,441.97,119.16,50.10,142.51,1,-1,-1,-1
119,439,395.36,113.65,52.36,133.09,1,-1,-1,-1
119,434,302.77,85.10,49.57,175.27,1,-1,-1,-1
119,426,187.31,88.19,56.73,163.38,1,-1,-1,-1
119,420,602.15,88.70,39.22,153.02,1,-1,-1,-1
120,446,496.76,109.70,51.34,142.26,1,-1,-1,-1
120,444,439.23,115.65,48.10,145.40,1,-1,-1,-1
120,439,393.98,112.87,53.22,132.93,1,-1,-1,-1
120,434,301.43,81.71,48.83,178.70,1,-1,-1,-1
120,426,189.27,89.90,56.57,162.61,1,-1,-1,-1
120,420,603.81,93.50,37.53,150.99,1,-1,-1,-1
121,446,502.99,111.15,48.92,140.99,1,-1,-1,-1
121,444,440.38,123.77,44.37,141.96,1,-1,-1,-1
121,439,393.31,110.35,53.37,134.43,1,-1,-1,-1
121,434,299.50,82.47,49.01,180.46,1,-1,-1,-1
121,426,189.58,89.39,56.61,161.67,1,-1,-1,-1
121,420,605.44,96.33,35.84,147.72,1,-1,-1,-1
122,446,497.43,109.61,48.92,136.69,1,-1,-1,-1
122,444,438.27,120.93,43.73,142.20,1,-1,-1,-1
122,439,391.91,111.34,52.17,134.50,1,-1,-1,-1
122,434,299.76,79.23,49.69,182.59,1,-1,-1,-1
122,426,193.39,89.65,57.73,165.83,1,-1,-1,-1
123,446,496.06,107.59,48.01,137.54,1,-1,-1,-1
123,444,436.66,120.05,43.16,148.25,1,-1,-1,-1
123,439,392.02,108.17,53.03,137.81,1,-1,-1,-1
123,434,297.18,82.20,51.31,180.80,1,-1,-1,-1
123,426,190.88,92.15,58.75,161.51,1,-1,-1,-1
124,446,496.42,107.29,49.52,134.72,1,-1,-1,-1
124,444,432.44,116.06,44.10,148.84,1,-1,-1,-1
124,439,392.68,107.49,53.66,136.94,1,-1,-1,-1
124,434,294.95,86.39,53.85,177.65,1,-1,-1,-1
124,426,190.62,91.31,58.44,160.44,1,-1,-1,-1
125,446,493.87,111.92,49.44,133.96,1,-1,-1,-1
125,444,427.42,120.18,45.57,146.46,1,-1,-1,-1
125,439,391.53,107.57,53.33,137.19,1,-1,-1,-1
125,434,295.63,86.87,53.92,175.64,1,-1,-1,-1
125,426,191.50,91.86,58.17,159.73,1,-1,-1,-1
126,446,488.77,111.26,51.02,141.14,1,-1,-1,-1
126,439,396.77,117.62,57.11,138.07,1,-1,-1,-1
126,434,294.10,89.43,55.89,176.73,1,-1,-1,-1
126,426,193.11,94.22,58.45,160.72,1,-1,-1,-1
127,446,486.13,113.53,58.40,141.44,1,-1,-1,-1
127,434,292.28,87.27,55.67,177.71,1,-1,-1,-1
127,426,195.60,90.79,58.78,163.80,1,-1,-1,-1
128,446,482.02,108.38,56.75,139.51,1,-1,-1,-1
128,434,291.18,84.18,56.63,176.03,1,-1,-1,-1
128,426,195.38,90.04,58.77,163.75,1,-1,-1,-1
129,446,481.07,112.96,60.55,137.25,1,-1,-1,-1
129,444,402.97,125.69,62.49,141.06,1,-1,-1,-1
129,434,290.04,82.57,59.87,178.07,1,-1,-1,-1
129,426,195.74,87.68,58.55,164.34,1,-1,-1,-1
130,446,476.88,113.73,60.14,138.38,1,-1,-1,-1
130,444,398.04,123.26,65.64,139.42,1,-1,-1,-1
130,434,290.76,82.44,62.07,176.79,1,-1,-1,-1
130,426,193.80,89.92,58.47,164.49,1,-1,-1,-1
131,446,472.59,115.53,62.03,140.86,1,-1,-1,-1
131,444,396.65,125.81,61.98,141.98,1,-1,-1,-1
131,434,288.39,88.13,62.42,172.82,1,-1,-1,-1
131,426,193.11,90.74,57.33,160.24,1,-1,-1,-1
132,446,469.70,118.05,64.37,138.03,1,-1,-1,-1
132,444,398.18,120.89,57.94,143.26,1,-1,-1,-1
132,434,285.89,89.38,63.71,169.17,1,-1,-1,-1
132,426,193.20,90.43,56.48,160.37,1,-1,-1,-1
133,446,469.58,114.68,64.73,139.36,1,-1,-1,-1
133,444,396.91,119.11,56.64,143.97,1,-1,-1,-1
133,434,284.71,92.11,64.34,169.50,1,-1,-1,-1
133,426,193.78,92.52,55.61,159.08,1,-1,-1,-1
134,446,467.34,113.04,64.94,141.29,1,-1,-1,-1
134,444,394.40,116.40,55.56,143.36,1,-1,-1,-1
134,434,285.11,95.18,61.92,170.20,1,-1,-1,-1
134,426,190.70,90.33,55.04,160.78,1,-1,-1,-1
135,446,468.51,112.63,63.53,139.07,1,-1,-1,-1
135,444,394.31,111.10,57.02,146.61,1,-1,-1,-1
135,434,285.20,96.63,63.16,168.02,1,-1,-1,-1
135,426,192.81,93.70,52.94,163.34,1,-1,-1,-1
136,446,464.97,114.37,61.98,142.85,1,-1,-1,-1
136,444,392.36,113.05,58.09,150.04,1,-1,-1,-1
136,434,283.31,95.88,63.06,168.49,1,-1,-1,-1
136,426,195.02,89.70,53.86,163.64,1,-1,-1,-1
137,446,462.87,113.60,60.83,140.28,1,-1,-1,-1
137,444,390.28,112.07,58.90,149.13,1,-1,-1,-1
137,434,280.49,96.67,60.55,164.27,1,-1,-1,-1
137,426,194.79,88.41,53.79,162.82,1,-1,-1,-1
138,446,466.10,112.80,59.36,140.84,1,-1,-1,-1
138,444,390.21,116.88,58.54,148.87,1,-1,-1,-1
138,434,279.89,100.11,61.19,164.17,1,-1,-1,-1
138,426,194.06,88.13,52.87,162.97,1,-1,-1,-1
139,448,2.21,105.42,60.86,142.52,1,-1,-1,-1
139,446,464.02,113.53,60.09,141.20,1,-1,-1,-1
139,444,386.81,119.52,61.27,148.23,1,-1,-1,-1
139,434,277.59,100.44,60.51,163.72,1,-1,-1,-1
139,426,191.99,87.91,55.21,169.67,1,-1,-1,-1
140,448,4.54,90.61,59.75,153.95,1,-1,-1,-1
140,446,460.42,116.83,60.83,141.14,1,-1,-1,-1
140,444,383.68,119.86,61.61,145.18,1,-1,-1,-1
140,434,275.50,97.76,59.54,160.90,1,-1,-1,-1
140,426,187.29,87.49,56.36,171.95,1,-1,-1,-1
141,448,10.03,82.93,61.49,172.55,1,-1,-1,-1
141,446,461.20,119.36,59.92,139.68,1,-1,-1,-1
141,444,381.58,117.97,61.65,144.94,1,-1,-1,-1
141,434,274.58,98.78,57.04,158.71,1,-1,-1,-1
141,426,188.98,85.22,54.40,168.63,1,-1,-1,-1
142,448,10.86,92.20,62.80,181.05,1,-1,-1,-1
142,446,460.87,119.85,59.32,146.05,1,-1,-1,-1
142,444,381.42,118.66,62.12,145.48,1,-1,-1,-1
142,434,272.60,96.70,55.20,160.54,1,-1,-1,-1
142,426,190.17,85.61,52.29,164.94,1,-1,-1,-1
143,448,12.30,97.60,62.05,181.94,1,-1,-1,-1
143,446,459.97,116.67,57.50,145.83,1,-1,-1,-1
143,444,382.49,115.86,65.84,146.14,1,-1,-1,-1
143,434,268.80,92.22,53.70,162.55,1,-1,-1,-1
143,426,187.06,88.30,54.04,162.37,1,-1,-1,-1
144,448,13.89,105.59,60.14,177.87,1,-1,-1,-1
144,446,457.15,115.25,58.91,145.64,1,-1,-1,-1
144,444,380.27,116.07,69.12,147.33,1,-1,-1,-1
144,434,265.76,92.54,54.83,162.19,1,-1,-1,-1
144,426,188.50,90.72,52.64,162.36,1,-1,-1,-1
145,448,19.27,108.26,58.29,174.73,1,-1,-1,-1
145,446,460.47,112.42,58.13,143.36,1,-1,-1,-1
145,444,378.60,118.71,70.49,144.79,1,-1,-1,-1
145,434,268.72,89.60,54.63,165.99,1,-1,-1,-1
145,426,188.54,87.79,51.02,161.97,1,-1,-1,-1
146,448,24.52,109.91,58.95,174.96,1,-1,-1,-1
146,446,461.30,112.10,55.18,141.93,1,-1,-1,-1
146,444,384.87,118.81,71.55,144.93,1,-1,-1,-1
146,434,268.48,88.72,53.84,166.75,1,-1,-1,-1
146,426,190.23,87.10,50.05,163.73,1,-1,-1,-1
147,448,23.96,112.01,62.11,176.74,1,-1,-1,-1
147,446,461.07,110.89,54.43,142.90,1,-1,-1,-1
147,444,393.91,117.19,66.36,145.39,1,-1,-1,-1
147,434,266.40,89.57,54.51,168.31,1,-1,-1,-1
147,426,188.24,85.15,50.41,168.42,1,-1,-1,-1
148,448,24.71,112.77,66.41,178.31,1,-1,-1,-1
148,446,457.88,114.59,53.11,144.22,1,-1,-1,-1
148,444,396.62,112.12,59.40,144.12,1,-1,-1,-1
148,434,264.56,89.73,53.07,165.34,1,-1,-1,-1
148,426,189.10,85.83,48.21,169.76,1,-1,-1,-1
149,450,362.28,141.91,49.02,122.60,1,-1,-1,-1
149,448,27.85,111.35,69.97,182.58,1,-1,-1,-1
149,446,455.22,115.42,53.53,145.24,1,-1,-1,-1
149,444,400.21,112.69,54.96,144.45,1,-1,-1,-1
149,434,263.35,89.56,51.85,162.29,1,-1,-1,-1
149,426,188.75,82.27,46.33,168.97,1,-1,-1,-1
150,450,361.65,130.98,47.57,127.56,1,-1,-1,-1
150,448,30.89,109.22,69.83,186.34,1,-1,-1,-1
150,446,456.06,114.80,54.99,145.33,1,-1,-1,-1
150,444,403.96,114.16,52.77,142.96,1,-1,-1,-1
150,434,263.79,88.15,50.24,160.62,1,-1,-1,-1
150,426,188.50,83.14,44.74,171.28,1,-1,-1,-1
151,450,359.20,124.57,46.53,133.60,1,-1,-1,-1
151,448,35.82,104.92,66.69,186.04,1,-1,-1,-1
151,446,457.05,115.24,55.13,146.55,1,-1,-1,-1
151,444,403.26,117.63,50.98,143.82,1,-1,-1,-1
151,434,264.08,87.88,48.68,158.26,1,-1,-1,-1
151,426,188.18,84.15,43.80,173.25,1,-1,-1,-1
152,450,356.81,117.29,42.02,128.88,1,-1,-1,-1
152,448,41.21,108.17,62.13,184.83,1,-1,-1,-1
152,446,455.31,116.24,54.85,145.53,1,-1,-1,-1
152,444,406.88,119.40,49.52,144.15,1,-1,-1,-1
152,434,263.74,88.98,50.09,157.29,1,-1,-1,-1
152,426,188.98,82.76,43.42,174.51,1,-1,-1,-1
153,450,354.62,118.38,41.03,130.24,1,-1,-1,-1
153,448,45.69,106.55,62.22,184.23,1,-1,-1,-1
153,446,451.89,115.78,53.82,147.65,1,-1,-1,-1
153,444,402.70,116.93,53.47,142.99,1,-1,-1,-1
153,434,262.12,93.34,47.39,160.26,1,-1,-1,-1
153,426,189.80,83.71,42.95,174.54,1,-1,-1,-1
154,450,359.36,117.29,40.47,132.22,1,-1,-1,-1
154,448,52.87,107.84,60.03,184.24,1,-1,-1,-1
154,446,454.38,112.26,55.49,148.48,1,-1,-1,-1
154,444,406.94,115.57,52.30,141.75,1,-1,-1,-1
154,434,262.62,95.49,45.29,160.89,1,-1,-1,-1
154,426,189.75,83.84,42.34,174.87,1,-1,-1,-1
155,450,359.19,113.61,39.82,137.23,1,-1,-1,-1
155,448,58.95,103.48,58.19,185.32,1,-1,-1,-1
155,446,449.10,112.06,54.85,148.00,1,-1,-1,-1
155,444,404.05,115.84,55.68,144.89,1,-1,-1,-1
155,434,261.74,92.11,44.86,162.75,1,-1,-1,-1
155,426,191.69,80.88,44.91,174.59,1,-1,-1,-1
156,450,357.92,116.46,40.66,142.72,1,-1,-1,-1
156,448,65.81,103.19,55.60,184.86,1,-1,-1,-1
156,446,449.42,110.09,52.99,147.42,1,-1,-1,-1
156,444,402.26,116.20,54.70,145.70,1,-1,-1,-1
156,434,259.79,91.60,43.87,159.98,1,-1,-1,-1
156,426,191.22,83.47,44.17,171.66,1,-1,-1,-1
157,450,352.83,118.06,41.84,144.61,1,-1,-1,-1
157,448,68.11,107.46,57.70,181.41,1,-1,-1,-1
157,446,445.96,110.26,51.21,147.44,1,-1,-1,-1
157,444,403.66,115.42,53.00,144.01,1,-1,-1,-1
157,434,262.01,94.45,44.08,162.81,1,-1,-1,-1
157,426,191.13,82.66,43.74,168.92,1,-1,-1,-1
158,450,348.47,116.04,43.83,142.06,1,-1,-1,-1
158,448,75.70,106.78,59.33,184.28,1,-1,-1,-1
158,446,449.01,111.32,48.16,146.79,1,-1,-1,-1
158,444,402.31,118.03,52.03,144.34,1,-1,-1,-1
158,434,262.56,96.11,43.34,162.66,1,-1,-1,-1
158,426,192.73,85.67,43.86,167.95,1,-1,-1,-1
159,450,344.70,114.37,45.35,144.83,1,-1,-1,-1
159,448,78.71,102.87,60.10,183.31,1,-1,-1,-1
159,446,445.60,113.84,49.39,145.89,1,-1,-1,-1
159,444,403.83,116.43,52.28,147.75,1,-1,-1,-1
159,434,261.19,93.21,43.12,163.60,1,-1,-1,-1
159,426,190.89,86.08,44.27,163.81,1,-1,-1,-1
160,450,344.27,119.37,44.81,145.31,1,-1,-1,-1
160,448,81.02,100.56,60.28,173.79,1,-1,-1,-1
160,446,442.39,113.95,52.82,146.31,1,-1,-1,-1
160,444,400.66,118.63,52.20,146.50,1,-1,-1,-1
160,434,261.82,95.73,43.29,162.79,1,-1,-1,-1
160,426,192.53,86.88,44.61,164.32,1,-1,-1,-1
161,450,342.57,118.75,46.36,147.24,1,-1,-1,-1
161,448,86.53,100.74,58.84,171.80,1,-1,-1,-1
161,446,440.55,116.29,53.79,142.78,1,-1,-1,-1
161,444,399.99,117.16,51.08,145.48,1,-1,-1,-1
161,434,261.52,93.09,44.01,164.84,1,-1,-1,-1
161,426,193.73,86.45,44.79,162.35,1,-1,-1,-1
162,450,341.09,119.02,46.94,148.48,1,-1,-1,-1
162,448,88.50,100.38,59.69,172.92,1,-1,-1,-1
162,446,436.47,116.84,61.44,142.74,1,-1,-1,-1
162,444,401.46,116.78,50.37,149.47,1,-1,-1,-1
162,434,261.59,94.89,44.82,162.07,1,-1,-1,-1
162,426,193.77,86.38,45.20,164.26,1,-1,-1,-1
163,450,342.22,115.96,44.75,144.71,1,-1,-1,-1
163,448,96.48,91.24,60.44,180.69,1,-1,-1,-1
163,446,437.02,117.67,59.38,143.27,1,-1,-1,-1
163,444,397.38,115.63,51.26,149.06,1,-1,-1,-1
163,434,262.27,94.54,43.95,161.15,1,-1,-1,-1
163,426,192.92,86.32,46.22,163.24,1,-1,-1,-1
164,450,340.27,118.40,44.00,144.47,1,-1,-1,-1
164,448,97.83,89.69,62.52,182.39,1,-1,-1,-1
164,446,439.44,116.37,56.59,140.35,1,-1,-1,-1
164,444,396.79,118.49,50.17,147.71,1,-1,-1,-1
164,434,262.09,92.32,43.92,164.14,1,-1,-1,-1
164,426,192.66,89.14,48.44,162.07,1,-1,-1,-1
165,450,337.39,114.16,42.63,144.51,1,-1,-1,-1
165,448,106.97,92.91,61.06,183.81,1,-1,-1,-1
165,446,437.91,115.35,55.59,139.89,1,-1,-1,-1
165,444,396.67,113.85,49.46,145.91,1,-1,-1,-1
165,434,263.17,91.34,44.77,161.95,1,-1,-1,-1
165,426,191.13,87.09,48.75,165.16,1,-1,-1,-1
166,450,338.14,113.69,42.28,146.39,1,-1,-1,-1
166,448,105.48,96.78,62.76,181.73,1,-1,-1,-1
166,446,435.53,118.64,55.42,139.82,1,-1,-1,-1
166,444,394.75,114.33,51.35,145.80,1,-1,-1,-1
166,434,261.79,93.00,44.24,159.53,1,-1,-1,-1
166,426,191.15,86.88,49.62,165.36,1,-1,-1,-1
167,450,337.82,114.36,41.60,144.26,1,-1,-1,-1
167,448,107.02,95.00,64.97,183.48,1,-1,-1,-1
167,446,434.83,118.24,54.08,139.85,1,-1,-1,-1
167,444,393.25,115.65,49.02,146.63,1,-1,-1,-1
167,434,260.13,87.18,45.83,161.29,1,-1,-1,-1
167,426,190.38,86.21,49.38,165.92,1,-1,-1,-1
168,450,336.21,113.25,41.58,141.55,1,-1,-1,-1
168,448,108.14,93.39,67.20,187.46,1,-1,-1,-1
168,446,435.00,119.27,52.22,145.42,1,-1,-1,-1
168,444,392.07,116.66,47.12,145.64,1,-1,-1,-1
168,434,260.87,88.56,46.27,159.47,1,-1,-1,-1
168,426,190.19,83.83,49.58,168.11,1,-1,-1,-1
169,450,332.43,116.52,44.93,138.20,1,-1,-1,-1
169,448,114.98,97.24,64.55,187.77,1,-1,-1,-1
169,446,435.27,118.48,53.68,145.72,1,-1,-1,-1
169,444,390.32,116.97,47.17,146.76,1,-1,-1,-1
169,434,261.37,88.46,46.04,158.07,1,-1,-1,-1
169,426,190.60,84.79,48.78,167.03,1,-1,-1,-1
170,450,332.80,116.86,43.76,134.64,1,-1,-1,-1
170,448,117.80,95.91,63.34,185.98,1,-1,-1,-1
170,446,435.07,113.05,54.57,148.49,1,-1,-1,-1
170,444,388.70,114.34,49.51,146.51,1,-1,-1,-1
170,434,261.31,88.56,46.18,158.82,1,-1,-1,-1
170,426,190.39,85.92,48.94,165.00,1,-1,-1,-1
171,450,328.76,120.24,46.17,135.75,1,-1,-1,-1
171,448,123.86,85.60,60.59,191.25,1,-1,-1,-1
171,446,430.48,114.68,56.02,148.01,1,-1,-1,-1
171,444,387.38,114.90,50.84,147.47,1,-1,-1,-1
171,434,259.05,87.78,47.53,165.13,1,-1,-1,-1
171,426,191.49,88.29,49.67,166.36,1,-1,-1,-1
172,450,327.41,119.56,47.22,137.32,1,-1,-1,-1
172,448,127.40,85.51,58.20,192.68,1,-1,-1,-1
172,446,425.87,113.45,55.61,152.06,1,-1,-1,-1
172,444,383.20,113.38,50.85,146.73,1,-1,-1,-1
172,434,259.81,88.24,47.75,162.08,1,-1,-1,-1
172,426,192.69,85.01,49.12,170.36,1,-1,-1,-1
173,450,326.45,119.25,47.56,136.39,1,-1,-1,-1
173,448,128.78,78.59,58.20,195.68,1,-1,-1,-1
173,446,423.95,110.49,58.91,150.81,1,-1,-1,-1
173,444,382.77,113.41,50.42,144.36,1,-1,-1,-1
173,434,258.21,87.47,49.90,162.40,1,-1,-1,-1
173,426,189.02,89.96,49.52,166.30,1,-1,-1,-1
174,450,325.56,117.05,44.65,135.48,1,-1,-1,-1
174,448,123.97,71.91,60.21,202.74,1,-1,-1,-1
174,446,422.55,113.02,57.70,153.64,1,-1,-1,-1
174,444,379.45,114.48,50.74,147.37,1,-1,-1,-1
174,434,256.44,87.33,51.61,164.47,1,-1,-1,-1
174,426,187.41,90.21,50.03,167.97,1,-1,-1,-1
175,450,325.82,121.21,44.31,133.43,1,-1,-1,-1
175,448,132.08,77.17,57.97,197.93,1,-1,-1,-1
175,446,425.64,112.51,56.44,154.34,1,-1,-1,-1
175,444,375.07,117.86,50.68,144.67,1,-1,-1,-1
175,434,256.66,86.10,51.54,165.73,1,-1,-1,-1
175,426,189.64,93.73,49.04,164.73,1,-1,-1,-1
176,450,325.55,118.71,44.88,132.44,1,-1,-1,-1
176,448,140.43,83.20,58.21,196.17,1,-1,-1,-1
176,446,425.16,112.80,55.22,155.46,1,-1,-1,-1
176,444,374.55,115.47,50.88,143.16,1,-1,-1,-1
176,434,256.43,85.36,51.79,166.29,1,-1,-1,-1
176,426,192.07,92.49,45.99,162.85,1,-1,-1,-1
177,450,325.13,116.00,45.07,135.17,1,-1,-1,-1
177,448,144.45,80.48,59.79,197.07,1,-1,-1,-1
177,446,420.39,111.06,60.12,156.64,1,-1,-1,-1
177,444,376.44,116.54,50.58,142.24,1,-1,-1,-1
177,434,255.76,82.04,52.55,170.44,1,-1,-1,-1
177,426,194.96,89.65,43.92,161.36,1,-1,-1,-1
178,450,324.47,113.01,44.75,138.34,1,-1,-1,-1
178,448,144.92,87.87,65.08,195.87,1,-1,-1,-1
178,446,420.54,109.46,57.57,157.30,1,-1,-1,-1
178,444,370.43,116.32,55.75,142.76,1,-1,-1,-1
178,434,257.36,84.26,48.75,171.60,1,-1,-1,-1
178,426,195.08,90.73,43.23,157.92,1,-1,-1,-1
179,450,323.26,113.28,45.04,138.45,1,-1,-1,-1
179,448,150.74,88.12,71.53,191.77,1,-1,-1,-1
179,446,420.27,110.79,57.00,156.61,1,-1,-1,-1
179,444,370.03,114.55,55.28,146.17,1,-1,-1,-1
179,434,257.24,82.18,48.66,173.34,1,-1,-1,-1
179,426,198.03,87.55,39.60,159.27,1,-1,-1,-1
